3 0.604520 0.439660 0.144400 0.086200
6 0.500780 0.528170 0.498520 0.434900
11 0.771400 0.898760 0.039720 0.152240
6 0.625140 0.879450 0.243800 0.235780
2 0.146270 0.479610 0.051460 0.041780
2 0.150170 0.453210 0.051420 0.019900
2 0.107160 0.460100 0.034320 0.035800
2 0.114750 0.443600 0.040260 0.030200
2 0.174680 0.390070 0.037040 0.035820
2 0.136090 0.393360 0.043260 0.045520
2 0.177710 0.698690 0.062980 0.048740
2 0.132920 0.342400 0.037760 0.021360
2 0.095580 0.375530 0.038000 0.040500
2 0.128020 0.365350 0.037520 0.024060
2 0.170200 0.347950 0.036360 0.021780
2 0.036150 0.484080 0.061780 0.035240
2 0.061040 0.368830 0.033760 0.036380
2 0.107000 0.364000 0.214000 0.080000
