3 0.915055 0.181909 0.039078 0.056557
3 0.869617 0.170304 0.038516 0.032178
3 0.785727 0.126557 0.043828 0.038689
3 0.795750 0.191101 0.034063 0.016487
3 0.910750 0.131698 0.038906 0.040726
3 0.878125 0.195621 0.037594 0.017049
3 0.744062 0.122728 0.043969 0.039321
3 0.866320 0.130187 0.041766 0.037424
3 0.365688 0.152342 0.029844 0.022389
3 0.030383 0.044333 0.027172 0.035972
3 0.950984 0.156979 0.042562 0.076956
3 0.244711 0.084848 0.029984 0.028618
3 0.831812 0.164941 0.041594 0.033770
3 0.451562 0.227166 0.812500 0.327869
