14 0.169600 0.539385 0.132240 0.054813
16 0.307830 0.425187 0.037260 0.024171
16 0.831110 0.433890 0.018940 0.072059
3 0.475880 0.412219 0.093480 0.089198
3 0.170310 0.487286 0.021620 0.077406
3 0.448600 0.303904 0.036360 0.033690
3 0.660600 0.889880 0.154840 0.220241
3 0.030560 0.427353 0.061120 0.104492
3 0.413510 0.372500 0.059540 0.072914
3 0.185740 0.426096 0.053480 0.075348
13 0.741560 0.283783 0.108960 0.121791
13 0.605000 0.284519 0.107200 0.125989
13 0.534940 0.249144 0.047240 0.054225
16 0.505200 0.693182 0.047760 0.121818
16 0.011040 0.504960 0.021480 0.046925
16 0.508610 0.475307 0.049380 0.024572
14 0.769190 0.407968 0.052020 0.070588
14 0.757540 0.372433 0.047840 0.041444
