3 0.478867 0.105760 0.031797 0.032979
3 0.205109 0.070771 0.030406 0.025167
3 0.203148 0.097094 0.034016 0.028687
3 0.773367 0.332385 0.043172 0.070479
3 0.416125 0.243365 0.027031 0.010396
3 0.260336 0.204813 0.040797 0.038167
3 0.508258 0.106813 0.032203 0.020792
3 0.540086 0.104052 0.031047 0.021229
3 0.571078 0.105740 0.034031 0.024479
3 0.568852 0.081125 0.027828 0.028083
3 0.538820 0.081010 0.030766 0.025187
3 0.505422 0.059792 0.030031 0.023167
3 0.532797 0.057563 0.028719 0.025625
3 0.505469 0.188542 0.985938 0.377083
