3 0.894031 0.476567 0.057219 0.180959
3 0.862492 0.371632 0.034641 0.109689
8 0.320523 0.713484 0.638078 0.573031
8 0.281750 0.301567 0.133594 0.099145
1 0.352258 0.634197 0.064391 0.054715
1 0.401031 0.969508 0.147281 0.060984
1 0.097578 0.945687 0.073188 0.076399
1 0.149805 0.820855 0.121609 0.083057
3 0.051602 0.253847 0.063484 0.058627
3 0.226398 0.229845 0.040672 0.043316
3 0.353437 0.241917 0.034406 0.038497
1 0.227188 0.902137 0.059813 0.089974
3 0.065297 0.353420 0.078000 0.164197
3 0.250789 0.335376 0.076453 0.097176
8 0.050852 0.276256 0.101703 0.103964
