3 0.118672 0.908993 0.045375 0.119719
3 0.159086 0.914110 0.035453 0.097775
3 0.195070 0.906850 0.044766 0.102600
3 0.395633 0.952670 0.071484 0.094660
3 0.225875 0.901429 0.027500 0.090117
3 0.312727 0.871101 0.020797 0.063044
3 0.857617 0.927459 0.059484 0.122693
3 0.728406 0.914309 0.049812 0.111663
3 0.569820 0.865773 0.026547 0.060726
3 0.802922 0.935820 0.061719 0.125316
3 0.866719 0.839953 0.024125 0.053115
3 0.528875 0.891464 0.039438 0.083770
3 0.929164 0.854918 0.047578 0.065433
8 0.333313 0.951358 0.118656 0.097283
8 0.475000 0.861276 0.051719 0.015059
8 0.958297 0.853911 0.042906 0.059906
3 0.524219 0.850117 0.826562 0.121780
