8 0.091328 0.702802 0.161594 0.084312
5 0.964500 0.448479 0.040094 0.124208
8 0.260891 0.620552 0.109719 0.021354
3 0.348422 0.695583 0.108969 0.179250
3 0.185875 0.635010 0.047719 0.051063
3 0.047711 0.793115 0.095422 0.207604
3 0.519812 0.602115 0.072156 0.119646
3 0.454938 0.535906 0.018875 0.017437
3 0.569516 0.575812 0.056563 0.106000
3 0.393227 0.566469 0.059203 0.018104
3 0.442828 0.640906 0.084375 0.146729
3 0.285375 0.581625 0.024281 0.024458
3 0.189398 0.784125 0.133516 0.238667
3 0.501523 0.524229 0.005516 0.013458
8 0.477852 0.546938 0.045422 0.020792
3 0.388859 0.552760 0.021219 0.023146
3 0.241859 0.728177 0.117469 0.197604
8 0.534258 0.532531 0.038641 0.007729
8 0.366938 0.580052 0.093531 0.011729
3 0.314063 0.608333 0.471875 0.225000
