3 0.459266 0.312979 0.036781 0.022208
3 0.628148 0.314365 0.029984 0.025062
3 0.696281 0.313917 0.033125 0.024583
3 0.543609 0.318083 0.033781 0.033500
3 0.289227 0.309479 0.035797 0.023958
3 0.728406 0.313104 0.032688 0.026625
3 0.434234 0.453781 0.032188 0.045437
3 0.527242 0.463063 0.031859 0.032625
3 0.535016 0.425604 0.034156 0.043583
3 0.842250 0.398740 0.028344 0.052062
3 0.795703 0.313042 0.035500 0.026333
3 0.594500 0.439625 0.031563 0.025000
3 0.141258 0.307906 0.030891 0.016563
3 0.499219 0.296875 0.998437 0.593750
