5 0.148914 0.299333 0.086141 0.155889
5 0.552852 0.274361 0.042422 0.127778
8 0.154703 0.490819 0.268688 0.161306
8 0.675938 0.797764 0.648125 0.404472
3 0.495500 0.849069 0.146625 0.283139
3 0.241891 0.518125 0.096531 0.247194
3 0.097312 0.600153 0.084469 0.265694
3 0.092539 0.419389 0.067547 0.065222
3 0.448047 0.575667 0.095219 0.168056
3 0.720812 0.601472 0.089688 0.091944
3 0.844578 0.641972 0.113719 0.106278
3 0.799508 0.948319 0.170641 0.080917
3 0.223281 0.593806 0.115094 0.317389
3 0.227445 0.417986 0.025297 0.068472
5 0.349406 0.264472 0.034094 0.112889
3 0.613844 0.883708 0.151531 0.232583
3 0.973797 0.655986 0.052406 0.036250
3 0.048883 0.560514 0.027328 0.249917
