5 0.410234 0.778740 0.317125 0.420563
5 0.239016 0.778156 0.309125 0.423438
3 0.654219 0.899031 0.101219 0.201938
3 0.501680 0.716656 0.042078 0.113604
3 0.597578 0.714167 0.035094 0.057042
3 0.578844 0.935667 0.093031 0.124042
5 0.726820 0.773198 0.360422 0.453604
5 0.876914 0.840260 0.246172 0.319479
5 0.104844 0.690562 0.021719 0.076625
3 0.962906 0.786875 0.057656 0.116458
3 0.552008 0.812875 0.032234 0.035042
3 0.551766 0.751104 0.051281 0.109583
3 0.895430 0.748802 0.035141 0.094521
8 0.500000 0.687979 0.072188 0.014417
