4 0.771375 0.778604 0.085281 0.168708
8 0.786984 0.976062 0.157719 0.045000
3 0.700016 0.174021 0.088875 0.057750
3 0.668078 0.134583 0.035406 0.022125
3 0.244445 0.564396 0.032703 0.029875
3 0.231719 0.660427 0.089844 0.059896
3 0.154992 0.076427 0.015672 0.021813
3 0.192492 0.068938 0.030953 0.028875
3 0.280352 0.053219 0.060734 0.053021
3 0.705398 0.138802 0.018141 0.012229
3 0.202937 0.572240 0.019156 0.020271
3 0.804047 0.543188 0.067125 0.061167
4 0.649250 0.306354 0.298625 0.202417
4 0.251398 0.789208 0.498734 0.189208
8 0.251609 0.909531 0.498531 0.174479
8 0.973484 0.486677 0.050875 0.028271
8 0.270797 0.425083 0.464406 0.155958
4 0.940125 0.625833 0.099969 0.121958
4 0.111844 0.177010 0.223687 0.077438
4 0.210773 0.314740 0.094609 0.233604
