3 0.132582 0.377533 0.256176 0.220229
2 0.382696 0.585735 0.069771 0.066373
2 0.323864 0.815964 0.078938 0.076405
2 0.659028 0.775564 0.093742 0.086127
2 0.761381 0.569387 0.080016 0.055507
2 0.577222 0.768848 0.086111 0.077206
2 0.615408 0.571699 0.076242 0.052484
2 0.657092 0.704011 0.081144 0.073840
2 0.742361 0.704861 0.079755 0.076324
2 0.441266 0.594265 0.070408 0.067092
2 0.653864 0.862010 0.097206 0.102614
2 0.749485 0.866046 0.112010 0.109314
2 0.858080 0.869346 0.105049 0.099804
2 0.858807 0.780686 0.104314 0.087712
2 0.756185 0.777590 0.101356 0.080507
2 0.753562 0.519542 0.081797 0.057190
2 0.346977 0.635212 0.077941 0.069379
2 0.827541 0.706814 0.096977 0.086307
8 0.500000 0.546503 0.995490 0.874150
3 0.078121 0.572459 0.150000 0.256258
2 0.484477 0.717320 0.472222 0.464052
