2 0.668192 0.677211 0.094038 0.050672
2 0.766080 0.755836 0.064225 0.064859
2 0.561925 0.731820 0.088216 0.047109
2 0.352007 0.660062 0.071854 0.025375
2 0.812629 0.714039 0.065681 0.062297
2 0.566561 0.688789 0.077676 0.047078
2 0.644202 0.719375 0.096761 0.047719
2 0.729930 0.696211 0.094038 0.032359
2 0.283228 0.650133 0.077254 0.029891
2 0.545892 0.759125 0.055023 0.018625
2 0.297124 0.614867 0.056127 0.027547
2 0.689237 0.751906 0.089648 0.052219
2 0.658991 0.778805 0.081315 0.021234
2 0.490610 0.685937 0.586854 0.215625
