11 0.535386 0.560406 0.085574 0.067500
11 0.564836 0.446266 0.084473 0.096500
11 0.615422 0.512078 0.079649 0.091531
11 0.351569 0.285375 0.087073 0.102188
11 0.276335 0.382594 0.079742 0.098500
11 0.773009 0.524805 0.085082 0.103359
11 0.194227 0.656703 0.081663 0.076594
11 0.466370 0.212359 0.105902 0.165688
11 0.531616 0.294469 0.082998 0.089750
11 0.505995 0.379398 0.090164 0.094047
11 0.803419 0.445570 0.120843 0.078703
11 0.714988 0.390492 0.079157 0.098953
11 0.700960 0.633820 0.094754 0.085922
11 0.500000 0.352344 0.995316 0.704688
