3 0.576975 0.073313 0.054116 0.054000
3 0.734168 0.057531 0.050416 0.021563
3 0.503909 0.104195 0.055343 0.023234
3 0.627204 0.109273 0.050249 0.032422
3 0.682017 0.066930 0.052807 0.040672
3 0.450094 0.115656 0.051538 0.049469
3 0.504865 0.059016 0.050104 0.021469
3 0.450748 0.057813 0.046778 0.021156
3 0.395333 0.057281 0.050582 0.021063
3 0.576299 0.106891 0.056050 0.028531
3 0.735416 0.026047 0.057859 0.048063
3 0.626486 0.026625 0.061705 0.050187
3 0.679116 0.027023 0.053285 0.051859
3 0.327443 0.084375 0.650728 0.168750
