3 0.285828 0.347708 0.026562 0.043333
3 0.534148 0.307604 0.029453 0.051208
3 0.255391 0.357458 0.022625 0.030500
3 0.206289 0.365104 0.021891 0.030208
3 0.174977 0.364490 0.024391 0.041146
3 0.412125 0.329854 0.010719 0.041458
3 0.370914 0.340104 0.026141 0.033542
3 0.125484 0.374729 0.020375 0.039833
3 0.311953 0.350917 0.021719 0.034875
3 0.426266 0.331708 0.018937 0.035333
3 0.491547 0.319906 0.019187 0.034937
3 0.598008 0.315073 0.018984 0.021479
3 0.712625 0.289208 0.011875 0.040333
3 0.465625 0.436458 0.646875 0.393750
