3 0.694703 0.338417 0.036375 0.054292
3 0.780016 0.591990 0.056781 0.020896
3 0.696633 0.492365 0.036578 0.036312
3 0.635188 0.495677 0.032500 0.037396
3 0.753133 0.483250 0.024828 0.019083
3 0.741359 0.345937 0.019219 0.020500
3 0.574672 0.218979 0.018719 0.023792
3 0.570133 0.239667 0.018734 0.033583
3 0.549789 0.204948 0.030328 0.019521
3 0.514422 0.205146 0.031219 0.015708
3 0.663352 0.598240 0.043922 0.014271
3 0.605578 0.600094 0.050938 0.014771
3 0.975313 0.253812 0.044375 0.070458
3 0.583594 0.413542 0.648438 0.447917
