3 0.955600 0.126240 0.063120 0.102827
3 0.831630 0.781253 0.050100 0.094827
8 0.151600 0.390667 0.292560 0.215147
8 0.774250 0.898840 0.451500 0.202320
8 0.943940 0.232520 0.110000 0.084347
8 0.371110 0.848200 0.075300 0.165733
8 0.253080 0.275680 0.237120 0.112107
3 0.851120 0.710107 0.033720 0.067413
3 0.204660 0.148720 0.024040 0.049760
3 0.457920 0.916000 0.080160 0.162987
3 0.043630 0.909613 0.080540 0.158853
3 0.524130 0.188107 0.043380 0.125387
3 0.887330 0.691707 0.026380 0.050453
3 0.445820 0.783067 0.062920 0.122613
3 0.383100 0.762613 0.056800 0.060533
8 0.478730 0.777280 0.035940 0.033173
