3 0.080969 0.638918 0.138156 0.279624
3 0.880773 0.580424 0.094141 0.176047
3 0.569008 0.516859 0.065266 0.079647
3 0.934023 0.890012 0.131953 0.192824
3 0.770250 0.935812 0.224344 0.128376
3 0.224180 0.544765 0.094359 0.084447
3 0.262516 0.642118 0.135125 0.121176
8 0.492531 0.813259 0.658656 0.373482
8 0.020523 0.608812 0.041047 0.189906
8 0.734422 0.566906 0.086156 0.118988
8 0.933570 0.594718 0.132422 0.189718
8 0.342523 0.527659 0.148391 0.117388
3 0.802117 0.565447 0.062016 0.136494
3 0.573023 0.604529 0.068078 0.113529
3 0.401953 0.960600 0.402906 0.078800
3 0.970227 0.497400 0.056922 0.033765
3 0.913508 0.484576 0.025047 0.042847
