0 0.839571 0.640000 0.154372 0.122344
0 0.849027 0.824711 0.141778 0.115297
0 0.716778 0.561516 0.091925 0.113281
0 0.564100 0.579094 0.129038 0.054094
0 0.657918 0.649797 0.166506 0.078344
0 0.576098 0.608828 0.108975 0.054250
0 0.904163 0.716469 0.151213 0.105875
0 0.871747 0.604703 0.256506 0.277656
0 0.671956 0.438109 0.069937 0.086438
0 0.635785 0.819375 0.346674 0.361250
0 0.637594 0.162000 0.173891 0.136187
0 0.734634 0.738227 0.248891 0.141172
0 0.615847 0.213031 0.178138 0.124781
0 0.600418 0.467969 0.794979 0.701562
