2 0.211508 0.476111 0.052641 0.043889
2 0.257875 0.482042 0.045844 0.056250
2 0.361633 0.485083 0.049328 0.064722
2 0.197594 0.524111 0.045750 0.045556
2 0.240023 0.528736 0.047516 0.034917
2 0.290805 0.530486 0.054703 0.032250
2 0.571391 0.485389 0.047031 0.069944
2 0.525320 0.530667 0.052078 0.034556
2 0.345430 0.528569 0.053172 0.038250
2 0.306898 0.482833 0.047609 0.058000
2 0.523547 0.489208 0.052344 0.065972
2 0.024453 0.573306 0.037312 0.058056
2 0.616180 0.501597 0.048141 0.058417
2 0.650000 0.505556 0.206250 0.111111
