5 0.202720 0.734586 0.087671 0.096516
5 0.112896 0.752289 0.052994 0.053297
5 0.145577 0.752172 0.054795 0.057406
5 0.069110 0.715648 0.126438 0.125297
3 0.983386 0.420016 0.033229 0.033875
3 0.464980 0.432906 0.055793 0.036844
3 0.927994 0.420984 0.052427 0.030187
3 0.943924 0.370773 0.073014 0.087172
3 0.815753 0.283586 0.072290 0.051391
3 0.804726 0.354500 0.067808 0.048719
3 0.864550 0.334312 0.054188 0.010187
3 0.752045 0.281734 0.078376 0.044906
3 0.985372 0.350477 0.029256 0.052984
3 0.496438 0.284734 0.055147 0.047875
3 0.337593 0.354383 0.051624 0.031422
5 0.025362 0.760414 0.050411 0.035391
5 0.912632 0.617023 0.091722 0.175484
3 0.894648 0.210172 0.080333 0.047188
3 0.241869 0.208211 0.050626 0.029078
3 0.284736 0.382812 0.569472 0.412500
