3 0.338789 0.688286 0.085828 0.185634
3 0.400641 0.677700 0.078719 0.172723
3 0.693828 0.786033 0.089188 0.227559
3 0.542789 0.771878 0.087859 0.177559
3 0.809047 0.730563 0.066125 0.177793
3 0.921180 0.681937 0.048453 0.139789
3 0.762047 0.751397 0.094937 0.210352
3 0.903094 0.688369 0.021906 0.111197
3 0.891109 0.607183 0.019500 0.021268
5 0.473133 0.747934 0.088078 0.419437
5 0.623195 0.790927 0.094922 0.408803
5 0.872648 0.705164 0.054578 0.231925
5 0.945508 0.637723 0.039984 0.166995
5 0.841062 0.577793 0.020875 0.048310
3 0.665891 0.638744 0.028563 0.018756
3 0.539859 0.584918 0.035781 0.062934
3 0.355914 0.629331 0.033359 0.033920
8 0.840281 0.640599 0.038312 0.026080
3 0.512500 0.674883 0.468750 0.260563
