3 0.855164 0.351185 0.065609 0.095610
3 0.797641 0.321138 0.061250 0.038709
3 0.736664 0.302230 0.068641 0.106291
3 0.673523 0.299601 0.057516 0.095399
3 0.689039 0.261749 0.055797 0.097535
3 0.746891 0.232054 0.058969 0.038192
3 0.806391 0.228275 0.059219 0.037066
3 0.865273 0.226045 0.062297 0.040587
3 0.918203 0.256103 0.076250 0.099624
3 0.343242 0.159049 0.049141 0.040258
3 0.917773 0.352242 0.067391 0.093732
3 0.631852 0.237969 0.061203 0.039131
3 0.691211 0.170563 0.071766 0.103146
3 0.499219 0.400235 0.998437 0.800469
