3 0.510680 0.344883 0.064859 0.223944
3 0.224367 0.249437 0.041891 0.067418
3 0.267867 0.262218 0.029641 0.065329
3 0.484023 0.233897 0.057109 0.108920
3 0.554281 0.235540 0.020188 0.141315
3 0.592211 0.203556 0.026203 0.113592
3 0.029961 0.638415 0.058984 0.234390
3 0.326453 0.281538 0.053438 0.083779
3 0.153719 0.868721 0.128344 0.190587
8 0.361680 0.233932 0.340703 0.096127
8 0.029008 0.271244 0.057828 0.102019
8 0.180031 0.183451 0.118562 0.023897
8 0.549250 0.711831 0.901500 0.576338
8 0.769062 0.153486 0.044281 0.030117
3 0.725383 0.458005 0.031266 0.077934
8 0.861141 0.365692 0.277719 0.103357
3 0.730781 0.152946 0.023938 0.020587
3 0.297664 0.424202 0.025578 0.161502
8 0.147805 0.406831 0.294203 0.233756
8 0.484922 0.191690 0.125781 0.079671
