8 0.384727 0.760615 0.762391 0.448104
8 0.245953 0.258906 0.048969 0.009937
3 0.704391 0.745490 0.584469 0.481979
3 0.187508 0.592854 0.375016 0.239167
3 0.268422 0.338375 0.077063 0.125583
3 0.338703 0.329458 0.058562 0.120042
3 0.408500 0.326802 0.072781 0.115521
3 0.478500 0.322844 0.057375 0.116937
3 0.533992 0.318229 0.074047 0.110875
3 0.740938 0.305906 0.075500 0.090354
3 0.644617 0.310958 0.069172 0.101083
3 0.232062 0.253521 0.039594 0.022125
3 0.225336 0.327094 0.059422 0.131062
3 0.612219 0.240229 0.026125 0.017417
8 0.291305 0.271927 0.045453 0.012937
8 0.583453 0.256667 0.016219 0.013583
3 0.789695 0.304615 0.042453 0.086937
3 0.600781 0.310417 0.695312 0.179167
