3 0.363000 0.102923 0.087438 0.026268
3 0.336664 0.053099 0.079359 0.055399
3 0.452305 0.104554 0.087891 0.038169
3 0.804609 0.053920 0.061000 0.071549
3 0.172766 0.096631 0.103219 0.044953
3 0.929508 0.108803 0.101578 0.028357
3 0.166773 0.057265 0.083391 0.055939
3 0.105383 0.022570 0.076828 0.039131
3 0.715766 0.106491 0.096812 0.036362
3 0.618625 0.070681 0.092812 0.087887
3 0.252703 0.063263 0.091844 0.083756
3 0.082781 0.094225 0.092250 0.040563
3 0.274687 0.096009 0.082656 0.035822
3 0.660937 0.068075 0.571875 0.093897
