2 0.434672 0.635313 0.044031 0.023583
2 0.438883 0.618135 0.041078 0.024187
2 0.400875 0.622115 0.037375 0.022396
2 0.480664 0.515177 0.018766 0.014354
2 0.529969 0.564177 0.036875 0.025146
2 0.528133 0.545917 0.029672 0.020000
2 0.559984 0.444198 0.021250 0.020604
2 0.541742 0.458448 0.019453 0.020854
2 0.470508 0.445229 0.021391 0.020917
2 0.537281 0.434052 0.025188 0.019229
2 0.513750 0.439260 0.021125 0.020229
2 0.492617 0.443177 0.025234 0.021979
2 0.517250 0.414323 0.022844 0.017688
2 0.492188 0.335417 0.337500 0.504167
