3 0.870094 0.493547 0.064215 0.067906
3 0.802166 0.468836 0.063068 0.013672
3 0.896909 0.429133 0.054614 0.015891
3 0.839379 0.427742 0.055152 0.009328
3 0.544836 0.212219 0.053700 0.029187
3 0.683794 0.236117 0.049321 0.032516
3 0.818044 0.294906 0.052576 0.035063
3 0.463993 0.377570 0.046393 0.030172
3 0.328970 0.346570 0.061452 0.036516
3 0.271300 0.348719 0.050515 0.034094
3 0.835340 0.518836 0.048665 0.015266
3 0.853981 0.491047 0.054005 0.026312
3 0.487611 0.340625 0.047447 0.031656
3 0.498829 0.280469 0.997658 0.557813
