3 0.176500 0.603369 0.122656 0.123592
3 0.947242 0.852124 0.105516 0.262934
3 0.184477 0.405857 0.043891 0.049789
3 0.094383 0.576174 0.075203 0.246385
3 0.022148 0.449777 0.042953 0.131009
3 0.680586 0.830329 0.080766 0.316854
3 0.310094 0.401948 0.052125 0.118685
8 0.322367 0.528251 0.113422 0.076221
8 0.770047 0.670434 0.259938 0.187347
8 0.136117 0.391009 0.137609 0.044930
8 0.129586 0.842465 0.258953 0.167183
8 0.027414 0.429742 0.053266 0.027746
3 0.395437 0.903991 0.149000 0.192019
3 0.017781 0.589038 0.035563 0.116056
3 0.884328 0.574554 0.078812 0.078545
3 0.077812 0.916901 0.155625 0.166197
3 0.833727 0.498322 0.115453 0.212887
