3 0.068180 0.047845 0.035672 0.045202
3 0.055766 0.149851 0.042281 0.028238
3 0.076414 0.103068 0.034047 0.032760
3 0.105820 0.046285 0.039734 0.049427
3 0.140359 0.058726 0.032344 0.030064
3 0.029070 0.198599 0.037672 0.026667
3 0.071219 0.197813 0.043219 0.029045
3 0.232773 0.188652 0.039953 0.049278
3 0.199945 0.196019 0.027734 0.036327
3 0.516391 0.198641 0.031813 0.026454
3 0.621508 0.203800 0.034578 0.035796
3 0.081867 0.011359 0.022359 0.020807
3 0.141234 0.036900 0.030469 0.025350
3 0.487500 0.125265 0.975000 0.246285
