8 0.653840 0.847061 0.690600 0.202366
8 0.638550 0.641075 0.271140 0.053978
3 0.101570 0.821344 0.203140 0.330358
3 0.266160 0.812133 0.159480 0.266989
3 0.740590 0.710466 0.198940 0.115412
3 0.519080 0.710914 0.175320 0.119247
3 0.209410 0.630484 0.077740 0.065197
3 0.735030 0.579785 0.067540 0.077563
3 0.573160 0.600197 0.105120 0.051219
3 0.714030 0.682652 0.163700 0.129677
3 0.686170 0.597975 0.106580 0.049427
3 0.371620 0.664391 0.170760 0.251290
3 0.811610 0.944158 0.376780 0.080502
3 0.391320 0.924032 0.359440 0.127276
8 0.179790 0.697455 0.263060 0.085233
3 0.521030 0.584355 0.130660 0.119104
3 0.550000 0.704301 0.152000 0.161290
