0 0.621422 0.543167 0.074438 0.160542
0 0.813102 0.335542 0.051141 0.142208
0 0.917109 0.538208 0.071781 0.026000
0 0.924047 0.603458 0.032500 0.093750
0 0.910273 0.701656 0.179453 0.142271
0 0.614984 0.782552 0.179563 0.222021
0 0.690664 0.836833 0.092141 0.167958
0 0.760609 0.878510 0.138281 0.152688
0 0.429852 0.780250 0.106266 0.117750
0 0.674156 0.356573 0.056219 0.049146
0 0.837070 0.501969 0.069109 0.097063
0 0.899977 0.842438 0.068984 0.067375
8 0.500000 0.302594 1.000000 0.605187
0 0.508297 0.858167 0.053375 0.093500
0 0.745313 0.662500 0.431250 0.566667
