3 0.636455 0.584781 0.247934 0.074313
3 0.713709 0.610625 0.227700 0.224469
3 0.619507 0.467422 0.246432 0.049438
3 0.795059 0.360680 0.232934 0.038203
3 0.903040 0.340539 0.192653 0.059172
3 0.714120 0.425039 0.234624 0.057422
3 0.699096 0.334547 0.212324 0.046469
3 0.590000 0.374688 0.163756 0.039156
3 0.865951 0.528086 0.246455 0.157297
3 0.102887 0.366633 0.153615 0.043828
3 0.910810 0.435930 0.163263 0.073516
3 0.483873 0.684414 0.124883 0.070141
3 0.520775 0.547227 0.205822 0.102203
3 0.531690 0.457031 0.880282 0.370312
