3 0.234594 0.831667 0.094656 0.082458
3 0.290516 0.815167 0.062250 0.056708
3 0.885656 0.736094 0.046375 0.083271
3 0.398516 0.757552 0.051906 0.084729
3 0.763797 0.750948 0.066438 0.083104
3 0.109398 0.856833 0.098766 0.079792
3 0.656641 0.759521 0.101969 0.089250
3 0.711180 0.749500 0.027516 0.074792
3 0.818031 0.739865 0.061750 0.071146
3 0.918078 0.730500 0.062687 0.077750
3 0.431391 0.808562 0.026781 0.049333
3 0.348258 0.831667 0.049953 0.049333
3 0.555398 0.803219 0.040703 0.029396
3 0.499219 0.809375 0.985938 0.189583
