5 0.055766 0.385685 0.059937 0.101191
5 0.100937 0.379543 0.066281 0.087961
5 0.152125 0.373173 0.051656 0.089478
5 0.201992 0.362700 0.067984 0.092284
5 0.741836 0.229266 0.079422 0.071256
5 0.803625 0.231974 0.047625 0.074127
5 0.850109 0.230824 0.050969 0.072936
3 0.149719 0.773124 0.299437 0.453752
3 0.097766 0.513809 0.123625 0.085856
3 0.970008 0.599633 0.059984 0.213752
8 0.103664 0.604706 0.198328 0.136460
5 0.913687 0.228083 0.058125 0.083148
5 0.970688 0.226191 0.058625 0.092512
6 0.200266 0.461036 0.390594 0.241550
