3 0.430406 0.827937 0.144531 0.109208
3 0.325000 0.790323 0.098375 0.144104
3 0.735633 0.755500 0.109828 0.198958
3 0.797039 0.605604 0.085828 0.032833
3 0.647508 0.661031 0.092891 0.063979
8 0.779969 0.714292 0.238469 0.263792
8 0.891969 0.660094 0.184750 0.204396
8 0.948961 0.552479 0.102078 0.037125
8 0.194227 0.865021 0.388453 0.269042
3 0.550148 0.838156 0.220047 0.194521
3 0.951594 0.574281 0.044656 0.019979
3 0.817133 0.801229 0.097922 0.278708
3 0.882391 0.667875 0.077250 0.128667
3 0.373586 0.743500 0.102172 0.070708
3 0.422523 0.820615 0.141891 0.093771
8 0.590266 0.777927 0.335062 0.236354
8 0.954570 0.813927 0.089234 0.121896
