5 0.378922 0.547113 0.038062 0.049765
5 0.351227 0.520610 0.033734 0.100329
5 0.399125 0.533052 0.028250 0.093521
5 0.181805 0.564589 0.019609 0.028474
8 0.278781 0.777911 0.291312 0.322347
3 0.121820 0.743040 0.051891 0.258944
3 0.159688 0.762852 0.061187 0.272793
3 0.239664 0.790786 0.127578 0.302653
3 0.361094 0.792981 0.112906 0.309249
3 0.345586 0.695798 0.090703 0.187559
3 0.325953 0.624131 0.037250 0.059953
3 0.284414 0.613592 0.036547 0.055352
3 0.156703 0.612312 0.051313 0.055000
3 0.214461 0.753216 0.072016 0.037840
