3 0.134586 0.405084 0.145328 0.299896
3 0.858687 0.208653 0.060156 0.027745
8 0.082227 0.327244 0.161109 0.067265
2 0.620602 0.734885 0.046047 0.050689
3 0.014297 0.410115 0.028594 0.105157
3 0.973484 0.261858 0.053031 0.032902
3 0.568023 0.659322 0.133609 0.088288
3 0.978492 0.358069 0.043016 0.135428
3 0.016938 0.457557 0.033875 0.037787
8 0.914031 0.231347 0.171938 0.050960
8 0.471414 0.919478 0.826203 0.135073
8 0.746812 0.525637 0.505125 0.203424
8 0.925805 0.275021 0.147359 0.050710
8 0.964555 0.357463 0.058609 0.046994
