3 0.727300 0.886660 0.249450 0.199560
3 0.076850 0.890510 0.146100 0.218980
3 0.949625 0.726310 0.097500 0.160540
3 0.068938 0.624100 0.096125 0.152680
3 0.519937 0.538690 0.042625 0.017540
3 0.517288 0.531840 0.060575 0.030440
3 0.503312 0.512610 0.071775 0.052220
3 0.838212 0.954710 0.298775 0.090580
3 0.885175 0.814830 0.100250 0.228060
3 0.945025 0.632680 0.109950 0.075800
3 0.076188 0.750060 0.152375 0.113680
3 0.095925 0.676370 0.102100 0.050980
3 0.964763 0.897970 0.070475 0.203620
3 0.500000 0.728000 0.995000 0.540000
