3 0.844383 0.657865 0.168547 0.258437
3 0.823797 0.476271 0.199406 0.109333
3 0.905500 0.316052 0.117062 0.085729
3 0.871945 0.256406 0.081422 0.031062
3 0.735938 0.308406 0.045219 0.106313
3 0.335508 0.405010 0.098891 0.233646
8 0.585305 0.831073 0.826016 0.310812
3 0.817703 0.333792 0.128219 0.052292
3 0.525641 0.425510 0.041813 0.135979
3 0.954617 0.662021 0.035484 0.244417
3 0.485922 0.281115 0.071750 0.025396
3 0.980680 0.645052 0.038641 0.195187
8 0.904617 0.450490 0.190766 0.192271
8 0.872000 0.290927 0.231594 0.099437
8 0.458617 0.340260 0.154547 0.140979
8 0.085141 0.385479 0.165594 0.049458
3 0.501711 0.425937 0.031828 0.111583
3 0.369812 0.453083 0.082500 0.262792
3 0.319531 0.509375 0.360938 0.210417
