8 0.570219 0.608494 0.859563 0.746527
8 0.828828 0.205293 0.041719 0.043096
8 0.042953 0.342960 0.085906 0.105628
14 0.602531 0.574163 0.614281 0.761799
3 0.100703 0.584268 0.177906 0.525858
3 0.153992 0.340073 0.194859 0.213619
3 0.195594 0.306527 0.088406 0.173138
3 0.731172 0.282887 0.085375 0.114310
3 0.676875 0.269247 0.047625 0.122385
3 0.423070 0.274320 0.071953 0.043368
3 0.565156 0.253724 0.057969 0.099791
3 0.762125 0.226810 0.061500 0.076172
3 0.920289 0.298243 0.071266 0.098996
3 0.408695 0.341527 0.168016 0.136946
3 0.867641 0.215188 0.061969 0.028159
3 0.796055 0.220429 0.058422 0.043243
8 0.528312 0.297918 0.177375 0.136799
8 0.564625 0.210094 0.057031 0.027301
8 0.948141 0.262490 0.096719 0.051967
8 0.114758 0.226987 0.197234 0.037950
3 0.990086 0.314822 0.019828 0.115000
8 0.737641 0.226590 0.165969 0.076444
