13 0.406930 0.140356 0.274641 0.273556
3 0.358172 0.639446 0.202750 0.063536
3 0.263094 0.575366 0.128656 0.036506
3 0.405969 0.565607 0.144031 0.039331
3 0.495469 0.412950 0.040125 0.011548
3 0.502695 0.442395 0.027141 0.027176
3 0.432203 0.408713 0.028375 0.010188
3 0.403531 0.596831 0.120000 0.033954
3 0.250586 0.605962 0.127609 0.031130
14 0.268219 0.857113 0.170875 0.275523
14 0.554922 0.845460 0.182906 0.254268
14 0.821438 0.831736 0.110000 0.254979
14 0.711359 0.631360 0.065687 0.106820
14 0.319984 0.517186 0.061156 0.061527
14 0.905461 0.426820 0.043016 0.047406
3 0.504250 0.402071 0.046406 0.009582
3 0.428117 0.426799 0.034672 0.012343
3 0.921359 0.633107 0.156219 0.082531
3 0.326781 0.687521 0.108688 0.037469
14 0.987781 0.529916 0.024438 0.050335
14 0.721711 0.435764 0.033328 0.042238
14 0.579805 0.616119 0.065859 0.146967
14 0.814742 0.426956 0.039359 0.041360
14 0.153703 0.409550 0.027187 0.023368
14 0.052047 0.406182 0.025594 0.020356
3 0.467125 0.498536 0.067812 0.018452
3 0.481250 0.629707 0.962500 0.518828
