3 0.683266 0.628885 0.121094 0.251521
3 0.855094 0.834594 0.289812 0.330813
3 0.621906 0.862917 0.273031 0.274167
3 0.341109 0.914885 0.382375 0.170229
3 0.330336 0.730333 0.229203 0.323583
3 0.501687 0.717333 0.162156 0.333333
3 0.758758 0.589406 0.095672 0.208354
3 0.167281 0.569250 0.192344 0.149500
3 0.324844 0.533240 0.148000 0.112646
3 0.966422 0.691250 0.067156 0.285333
3 0.121633 0.807083 0.240766 0.382167
3 0.202055 0.477604 0.132641 0.091542
3 0.071195 0.523208 0.140734 0.187625
3 0.489844 0.648958 0.979688 0.527083
