8 0.503538 0.851180 0.992925 0.272297
8 0.121050 0.658367 0.242099 0.231547
8 0.392028 0.504781 0.184670 0.029625
3 0.740943 0.623812 0.357311 0.205219
3 0.893844 0.512055 0.089623 0.055391
3 0.706745 0.513437 0.172736 0.034250
3 0.538821 0.501102 0.047311 0.045453
3 0.487512 0.492406 0.044882 0.040469
3 0.451592 0.493031 0.038231 0.037250
3 0.471333 0.587578 0.205590 0.208781
3 0.178078 0.649438 0.261203 0.296625
3 0.051415 0.514539 0.102830 0.064047
3 0.134882 0.487961 0.017547 0.028359
3 0.092889 0.509328 0.050731 0.067219
8 0.539729 0.533008 0.163042 0.068516
3 0.376321 0.488523 0.030896 0.031047
3 0.981910 0.599977 0.036179 0.077984
3 0.468160 0.564844 0.625000 0.198437
