8 0.702812 0.907375 0.572562 0.163306
8 0.857094 0.605611 0.285812 0.195500
8 0.057516 0.640889 0.115031 0.182000
3 0.070945 0.815319 0.141891 0.340083
3 0.150711 0.758069 0.089547 0.284750
3 0.758727 0.802722 0.123266 0.127944
3 0.919594 0.883139 0.145375 0.179778
3 0.328648 0.881653 0.113766 0.217972
3 0.925070 0.755292 0.108516 0.142083
3 0.824273 0.765431 0.078328 0.203028
3 0.279062 0.969056 0.092781 0.060833
3 0.613016 0.770000 0.089406 0.114389
3 0.907523 0.512681 0.053234 0.065194
3 0.977773 0.763417 0.044453 0.169333
8 0.972820 0.439625 0.054359 0.026806
