4 0.633563 0.677937 0.631156 0.486083
16 0.262688 0.446948 0.054281 0.020438
16 0.308156 0.397458 0.023969 0.022083
16 0.303094 0.438750 0.009687 0.015083
16 0.159102 0.536740 0.059359 0.027438
3 0.563070 0.414625 0.066453 0.123667
3 0.831211 0.466208 0.050766 0.155583
5 0.485914 0.436948 0.099453 0.367688
5 0.392570 0.111052 0.158547 0.222104
16 0.598508 0.753385 0.012141 0.020854
8 0.850641 0.419990 0.003750 0.009187
16 0.123422 0.536521 0.038875 0.015000
16 0.591609 0.430031 0.013938 0.041396
3 0.046633 0.698490 0.085484 0.256479
8 0.135234 0.644500 0.253094 0.285875
