3 0.340453 0.419542 0.198875 0.265167
3 0.635062 0.410802 0.072125 0.108188
3 0.270148 0.348812 0.142109 0.137417
3 0.060609 0.357062 0.120438 0.106125
3 0.460078 0.352854 0.076687 0.171500
3 0.171391 0.333229 0.099594 0.100000
3 0.686164 0.279073 0.031609 0.059604
3 0.281664 0.295854 0.048766 0.044833
3 0.300328 0.290750 0.025031 0.039083
8 0.500844 0.569667 0.998312 0.833708
8 0.328813 0.315500 0.143063 0.016625
8 0.120508 0.431469 0.237641 0.116854
8 0.653773 0.360667 0.091984 0.103917
8 0.638352 0.295583 0.081922 0.065750
3 0.111836 0.324312 0.062703 0.080625
3 0.366648 0.353000 0.048453 0.109125
3 0.605352 0.315344 0.036953 0.070104
3 0.033039 0.288406 0.027984 0.039562
8 0.815461 0.272979 0.058422 0.027167
3 0.588281 0.354167 0.551562 0.245833
