3 0.791390 0.803370 0.215940 0.393260
3 0.646500 0.671905 0.142600 0.217143
3 0.523300 0.850549 0.227000 0.276410
3 0.291480 0.865128 0.250200 0.241538
3 0.273620 0.662912 0.139880 0.085385
3 0.269490 0.581300 0.092740 0.042601
3 0.533170 0.595293 0.103820 0.187949
8 0.355820 0.747198 0.417160 0.128095
8 0.699200 0.639396 0.186400 0.050879
3 0.375720 0.585788 0.093200 0.057949
3 0.261960 0.537070 0.089560 0.049451
3 0.926030 0.921081 0.147940 0.157839
5 0.744600 0.557582 0.058840 0.107766
3 0.423410 0.653352 0.142980 0.079597
8 0.273380 0.629579 0.158960 0.027509
