3 0.632906 0.155374 0.377688 0.310280
3 0.126406 0.190327 0.252812 0.380654
8 0.499312 0.613481 0.992625 0.742150
0 0.302297 0.540654 0.057063 0.039393
0 0.313367 0.491005 0.113297 0.061168
14 0.841141 0.444568 0.317719 0.642687
0 0.225758 0.501717 0.052609 0.045350
0 0.282773 0.524977 0.082391 0.044159
0 0.228750 0.454369 0.036906 0.025935
0 0.154867 0.470736 0.058797 0.036939
0 0.114367 0.506297 0.075891 0.037921
0 0.113617 0.542442 0.046172 0.049042
0 0.184344 0.496051 0.030219 0.046402
0 0.127562 0.482488 0.052031 0.034930
0 0.163758 0.503785 0.022766 0.037897
0 0.187953 0.453376 0.059188 0.034696
3 0.398992 0.161799 0.223922 0.319112
0 0.240750 0.487465 0.115656 0.045631
