8 0.406922 0.937650 0.111844 0.035299
8 0.058461 0.865385 0.054953 0.042821
8 0.228437 0.934038 0.117469 0.060726
3 0.555852 0.933568 0.031297 0.060812
3 0.164602 0.944487 0.044516 0.071111
3 0.128578 0.957756 0.043000 0.081154
3 0.278984 0.919797 0.042094 0.051090
3 0.438492 0.926645 0.043453 0.027179
3 0.511766 0.892810 0.040719 0.016603
3 0.413945 0.904754 0.033578 0.049722
3 0.230734 0.883184 0.026500 0.045726
3 0.551484 0.985865 0.077156 0.028269
3 0.345836 0.903419 0.065641 0.058205
3 0.205211 0.950032 0.029734 0.030962
8 0.087914 0.892137 0.064078 0.035940
8 0.709445 0.957821 0.131422 0.084359
8 0.276906 0.883387 0.087875 0.016474
3 0.608781 0.983387 0.064594 0.033226
8 0.289508 0.910844 0.129484 0.069551
8 0.628227 0.966197 0.165734 0.033590
8 0.054641 0.945801 0.109281 0.031474
8 0.477797 0.940021 0.135406 0.090513
8 0.246914 0.974551 0.159547 0.023376
3 0.295203 0.960759 0.054406 0.036047
8 0.252461 0.832019 0.065234 0.019936
3 0.428906 0.900641 0.770312 0.194444
8 0.290625 0.815171 0.403125 0.044872
