3 0.097580 0.722813 0.146760 0.262373
3 0.251120 0.690653 0.124360 0.228880
3 0.709370 0.532627 0.043780 0.018800
3 0.726300 0.626453 0.095280 0.112107
3 0.371090 0.665560 0.129820 0.217093
3 0.804690 0.598533 0.080420 0.168747
8 0.821470 0.541640 0.273540 0.068240
3 0.863280 0.573333 0.052120 0.127627
14 0.911800 0.886520 0.171920 0.204507
3 0.914010 0.570120 0.040740 0.144187
16 0.579840 0.486187 0.019920 0.019840
8 0.219000 0.616667 0.436000 0.118667
8 0.754130 0.892827 0.418860 0.214347
16 0.387820 0.559173 0.024920 0.028373
16 0.502450 0.483733 0.019620 0.019307
3 0.227560 0.732373 0.006200 0.067093
3 0.674000 0.598587 0.039680 0.052533
3 0.832370 0.519640 0.033220 0.009893
3 0.952580 0.570413 0.050200 0.085573
13 0.637780 0.329427 0.173840 0.254000
