3 0.729583 0.307867 0.094500 0.063797
3 0.082396 0.232172 0.146833 0.182031
1 0.879396 0.894383 0.236708 0.062922
1 0.563083 0.901969 0.191750 0.136250
1 0.731552 0.749477 0.170062 0.086141
1 0.683906 0.637617 0.180229 0.049797
1 0.194510 0.620000 0.156854 0.068250
1 0.142740 0.721172 0.229021 0.072938
1 0.136469 0.876469 0.272937 0.110594
1 0.264771 0.546625 0.172083 0.031750
1 0.466396 0.552023 0.138792 0.047609
1 0.930500 0.633352 0.139000 0.057547
3 0.212312 0.241391 0.042417 0.154000
8 0.501906 0.706750 0.996188 0.580844
8 0.509312 0.308023 0.644542 0.239641
1 0.409177 0.627258 0.181771 0.069391
1 0.451198 0.740016 0.226104 0.067844
3 0.955844 0.514188 0.088313 0.111719
1 0.706958 0.560484 0.110333 0.051625
1 0.561458 0.392188 0.718750 0.412500
