0 0.171070 0.650586 0.281516 0.261171
0 0.604391 0.813183 0.110500 0.042088
0 0.785219 0.737114 0.047594 0.033209
0 0.948508 0.622402 0.076828 0.060900
0 0.775211 0.672869 0.091359 0.061121
0 0.597758 0.607377 0.034109 0.045008
0 0.769750 0.835620 0.103188 0.054058
0 0.672430 0.817606 0.113234 0.039321
0 0.670523 0.850153 0.058734 0.026655
0 0.624211 0.691010 0.123359 0.042699
0 0.604258 0.746919 0.087297 0.029694
0 0.779867 0.764287 0.071141 0.026231
0 0.500453 0.747233 0.089000 0.041766
0 0.640625 0.741935 0.668750 0.349745
