2 0.408906 0.492389 0.062594 0.067389
2 0.385008 0.484099 0.063453 0.063864
2 0.347172 0.486436 0.037656 0.046710
2 0.555883 0.513120 0.061016 0.100026
2 0.071734 0.582219 0.024906 0.040052
2 0.637016 0.536945 0.067875 0.091802
2 0.680688 0.774582 0.042656 0.063159
2 0.572719 0.836971 0.051187 0.060992
2 0.098297 0.598512 0.046344 0.052637
2 0.259281 0.600261 0.046375 0.061201
2 0.191070 0.591736 0.053641 0.049112
2 0.629063 0.926567 0.065625 0.107389
2 0.547102 0.905574 0.060078 0.081123
2 0.397656 0.475196 0.635938 0.793734
