5 0.490617 0.238204 0.056828 0.197770
5 0.263750 0.300153 0.075125 0.199366
3 0.163727 0.235059 0.075078 0.168192
3 0.234547 0.214448 0.081781 0.172418
3 0.089172 0.213134 0.104531 0.185235
3 0.287992 0.174554 0.057391 0.155352
3 0.279352 0.114167 0.039547 0.083545
3 0.658453 0.282324 0.111906 0.200423
3 0.481992 0.227171 0.092641 0.200258
4 0.684148 0.691197 0.267297 0.376291
4 0.834961 0.858063 0.330078 0.279554
4 0.136117 0.871725 0.260828 0.235563
8 0.182508 0.132700 0.197703 0.111643
3 0.136437 0.081279 0.047531 0.060634
3 0.189539 0.065880 0.051766 0.044061
5 0.387164 0.506737 0.154516 0.105822
3 0.684125 0.688768 0.270781 0.364249
3 0.085852 0.161291 0.099391 0.132113
3 0.831578 0.859167 0.336844 0.281667
5 0.502773 0.850915 0.082016 0.152629
