3 0.805906 0.476600 0.054000 0.043481
3 0.861586 0.478668 0.057734 0.044252
3 0.952445 0.416846 0.056141 0.077523
3 0.879953 0.447512 0.051906 0.088248
3 0.750039 0.475689 0.057047 0.041379
3 0.704000 0.472068 0.048750 0.042921
3 0.912055 0.479381 0.070172 0.040584
3 0.825500 0.444638 0.049781 0.073762
3 0.731773 0.324393 0.047547 0.036776
3 0.846477 0.916671 0.088234 0.126799
3 0.856930 0.931624 0.188516 0.136752
3 0.931734 0.443061 0.059719 0.076916
3 0.900461 0.312360 0.089734 0.155561
3 0.514062 0.275701 0.890625 0.429907
