8 0.497641 0.680293 0.995281 0.639415
8 0.474094 0.200164 0.433281 0.178829
1 0.407813 0.697752 0.788625 0.582014
3 0.167742 0.231124 0.203266 0.316909
3 0.380711 0.296171 0.196047 0.197494
3 0.576516 0.267728 0.105406 0.108150
3 0.386383 0.084227 0.119422 0.094871
3 0.233281 0.128232 0.107813 0.256464
3 0.516453 0.099660 0.111875 0.074684
3 0.483187 0.031909 0.092281 0.062459
5 0.603289 0.099133 0.071547 0.198267
3 0.309312 0.085094 0.047688 0.074684
3 0.113953 0.134977 0.133875 0.265738
3 0.599992 0.113993 0.054672 0.100726
3 0.375148 0.028302 0.108078 0.056604
