14 0.561242 0.803344 0.632547 0.371354
14 0.862328 0.672302 0.275344 0.319812
14 0.445781 0.461802 0.328656 0.159562
14 0.208523 0.585365 0.376547 0.223729
14 0.052664 0.350990 0.102891 0.048104
14 0.261094 0.305031 0.189344 0.055729
14 0.188727 0.281646 0.158109 0.049875
14 0.692289 0.391344 0.292453 0.093979
3 0.357625 0.417167 0.159531 0.098417
3 0.445234 0.327188 0.113688 0.170958
3 0.339703 0.254125 0.090031 0.051833
3 0.758430 0.355052 0.158422 0.053937
3 0.892742 0.219323 0.081422 0.182104
3 0.238875 0.181219 0.041188 0.024771
3 0.314617 0.197979 0.057609 0.061958
3 0.617742 0.253948 0.102266 0.188563
3 0.278578 0.230198 0.069594 0.053437
14 0.085219 0.242677 0.054688 0.025646
15 0.316969 0.693198 0.118000 0.073354
3 0.274211 0.393719 0.144672 0.178146
3 0.534750 0.259448 0.112000 0.179021
3 0.147078 0.240260 0.087656 0.028563
14 0.903156 0.466635 0.193687 0.132687
14 0.221586 0.220073 0.067297 0.018312
14 0.320937 0.216490 0.021563 0.015729
15 0.416242 0.288083 0.024422 0.024000
14 0.344633 0.170865 0.055516 0.013312
15 0.575898 0.362000 0.050828 0.027583
15 0.028781 0.380760 0.057563 0.036771
15 0.074836 0.294302 0.027328 0.022396
15 0.067437 0.251542 0.018563 0.019792
