8 0.443750 0.634014 0.497719 0.148638
3 0.654648 0.831925 0.196297 0.336150
3 0.791180 0.805000 0.098672 0.348404
3 0.675141 0.636373 0.056688 0.057254
3 0.607336 0.621784 0.055109 0.059343
3 0.519250 0.563991 0.045500 0.126948
3 0.420281 0.549167 0.060562 0.102606
3 0.464992 0.496819 0.050891 0.017535
3 0.582133 0.561502 0.051328 0.141972
3 0.358227 0.530822 0.028578 0.086808
3 0.420102 0.813920 0.177359 0.362770
3 0.315539 0.782277 0.072922 0.336479
3 0.256867 0.754131 0.084891 0.295305
8 0.239555 0.550434 0.148141 0.070869
8 0.368031 0.540657 0.046844 0.068404
8 0.474516 0.508275 0.053969 0.009319
8 0.118703 0.526068 0.072188 0.086784
8 0.323484 0.536995 0.022219 0.063756
3 0.199172 0.722911 0.068812 0.276667
3 0.328125 0.626761 0.493750 0.328638
