13 0.468860 0.387515 0.078720 0.140331
3 0.236500 0.512861 0.038000 0.127711
3 0.264810 0.498614 0.051660 0.127831
13 0.402780 0.455753 0.024760 0.071446
14 0.800280 0.704639 0.184720 0.196265
14 0.688060 0.561355 0.073200 0.119157
14 0.665270 0.432199 0.068980 0.063012
14 0.680570 0.472154 0.078020 0.078765
14 0.192200 0.784006 0.166880 0.068133
14 0.376460 0.449533 0.101000 0.105633
3 0.033740 0.741130 0.067480 0.295873
8 0.478220 0.892485 0.942680 0.178765
13 0.617180 0.633976 0.058560 0.122108
14 0.374080 0.501084 0.030160 0.021145
14 0.216400 0.866717 0.211960 0.089217
