3 0.868859 0.747260 0.051000 0.065229
8 0.913789 0.697865 0.085234 0.022396
8 0.637273 0.694833 0.056484 0.010833
5 0.657867 0.730469 0.043609 0.072771
5 0.378750 0.700479 0.026500 0.034250
5 0.475367 0.704875 0.034516 0.041417
5 0.227992 0.692156 0.020828 0.028313
5 0.153047 0.697583 0.019375 0.034292
5 0.109773 0.692573 0.015141 0.025729
5 0.092281 0.683802 0.013688 0.024271
5 0.083063 0.682469 0.012719 0.021313
5 0.060039 0.679396 0.013047 0.020875
5 0.965664 0.749031 0.068672 0.081521
8 0.767859 0.697552 0.042469 0.018437
8 0.460359 0.674823 0.062187 0.010771
8 0.345172 0.676396 0.055031 0.004167
8 0.264492 0.691167 0.030734 0.037375
8 0.117844 0.670292 0.028875 0.003458
8 0.086234 0.667802 0.026562 0.010521
