3 0.645930 0.105696 0.079703 0.046958
3 0.721242 0.107441 0.079641 0.042146
3 0.798586 0.097630 0.077766 0.051910
3 0.192320 0.305083 0.083734 0.048608
3 0.104203 0.304634 0.091375 0.045024
3 0.067742 0.107866 0.081891 0.044929
3 0.162344 0.038090 0.087656 0.071651
3 0.638594 0.023856 0.076625 0.046061
3 0.582914 0.300177 0.056578 0.051675
3 0.650484 0.297736 0.075938 0.037877
3 0.027500 0.303644 0.054969 0.042807
3 0.146086 0.105000 0.073547 0.049387
3 0.825180 0.773243 0.068922 0.036392
3 0.492969 0.391509 0.982812 0.783019
