2 0.302790 0.476253 0.045940 0.052613
2 0.444090 0.295987 0.055220 0.037573
2 0.470090 0.379960 0.060820 0.034960
2 0.477360 0.350400 0.050960 0.039573
2 0.449310 0.328227 0.059500 0.036720
2 0.395860 0.309680 0.051840 0.036267
2 0.386230 0.331293 0.045700 0.038747
2 0.371460 0.356400 0.035320 0.044373
2 0.406830 0.374027 0.056700 0.037760
2 0.419280 0.349240 0.061480 0.045360
2 0.433810 0.280147 0.056780 0.041680
2 0.512040 0.365653 0.031160 0.038240
8 0.497720 0.588307 0.991560 0.797413
2 0.349810 0.505413 0.067820 0.085280
2 0.428000 0.437333 0.628000 0.330667
