13 0.308807 0.139338 0.065196 0.154690
13 0.489690 0.279379 0.146405 0.315458
13 0.251912 0.105743 0.018431 0.095245
2 0.522426 0.679158 0.068023 0.046846
2 0.388260 0.718227 0.070082 0.037925
2 0.411136 0.757639 0.069199 0.035572
2 0.526258 0.696062 0.071111 0.046863
2 0.538693 0.708717 0.073660 0.039592
2 0.222843 0.852925 0.094771 0.084510
2 0.144142 0.880662 0.089297 0.091127
2 0.038497 0.961258 0.076993 0.077484
2 0.192810 0.923007 0.099444 0.081797
2 0.465858 0.727786 0.067990 0.035082
2 0.325743 0.940343 0.106422 0.089869
2 0.714853 0.666732 0.041340 0.028464
2 0.283064 0.888121 0.089069 0.087974
3 0.605335 0.223987 0.101683 0.157092
8 0.500000 0.806299 1.000000 0.387402
15 0.600327 0.357949 0.008562 0.006650
13 0.105605 0.062794 0.061078 0.125588
14 0.122402 0.121373 0.201471 0.216144
15 0.611462 0.373154 0.033840 0.014346
2 0.480392 0.759804 0.852941 0.477124
