8 0.538440 0.249627 0.261160 0.195520
8 0.499700 0.609253 0.995840 0.748213
2 0.075910 0.722280 0.098060 0.119333
2 0.128000 0.667067 0.069680 0.062773
2 0.240350 0.789160 0.094620 0.124240
2 0.344600 0.739867 0.101360 0.119360
2 0.254920 0.688853 0.090680 0.086187
2 0.438140 0.624453 0.087320 0.074400
2 0.513080 0.576067 0.046440 0.101787
2 0.578660 0.575173 0.039320 0.122453
2 0.543010 0.570013 0.042980 0.107653
2 0.250000 0.735507 0.097560 0.090000
2 0.339790 0.636947 0.085020 0.111387
2 0.411690 0.441333 0.084700 0.059360
2 0.410660 0.500213 0.079440 0.053707
2 0.513000 0.656000 0.838000 0.682667
