3 0.763969 0.298934 0.072594 0.037026
3 0.687859 0.302319 0.073687 0.036956
3 0.614930 0.303595 0.073078 0.037166
3 0.193594 0.474883 0.070219 0.034028
3 0.679062 0.222600 0.073469 0.036487
3 0.611000 0.226230 0.068531 0.033255
3 0.536648 0.230714 0.074141 0.032155
3 0.815344 0.162225 0.072625 0.060047
3 0.315937 0.117752 0.074750 0.067073
3 0.873164 0.096405 0.071641 0.062646
3 0.455187 0.101159 0.069312 0.048407
3 0.754203 0.225328 0.068625 0.027892
3 0.743688 0.158033 0.075125 0.047400
3 0.500000 0.255269 0.996875 0.510539
