3 0.539047 0.718792 0.039281 0.055333
3 0.828578 0.700604 0.062594 0.075417
3 0.921555 0.677500 0.031797 0.050667
3 0.467375 0.722073 0.040531 0.058187
3 0.249742 0.724729 0.057453 0.041833
3 0.980086 0.685573 0.039828 0.087354
3 0.329680 0.629969 0.055016 0.023521
3 0.876492 0.671438 0.053984 0.051583
3 0.547148 0.747490 0.036172 0.039854
3 0.336695 0.709406 0.032297 0.039479
3 0.731414 0.668240 0.044203 0.024396
3 0.714391 0.716729 0.033031 0.069583
3 0.887078 0.705115 0.070344 0.078396
3 0.569531 0.660417 0.832812 0.179167
