0 0.789195 0.384833 0.115641 0.109708
0 0.722891 0.265448 0.031438 0.025146
0 0.704250 0.737177 0.215500 0.329187
0 0.827945 0.594146 0.088797 0.132708
0 0.683453 0.342615 0.159969 0.137729
0 0.555391 0.370958 0.078500 0.038458
0 0.878508 0.541135 0.094859 0.102771
0 0.556375 0.331104 0.110156 0.056083
0 0.698227 0.243990 0.054141 0.029937
0 0.671367 0.214917 0.056734 0.046125
0 0.837367 0.371354 0.074641 0.056958
3 0.152141 0.135354 0.304281 0.205625
8 0.260742 0.747396 0.517578 0.473958
0 0.445758 0.539281 0.080609 0.069604
0 0.703906 0.470833 0.539062 0.595833
