2 0.381227 0.515890 0.024047 0.040258
2 0.392281 0.506721 0.018906 0.029087
2 0.407727 0.535785 0.025484 0.034098
2 0.426141 0.540246 0.019219 0.032623
2 0.440781 0.533747 0.022719 0.032365
2 0.408008 0.643852 0.023891 0.044473
2 0.395164 0.481382 0.021672 0.032178
2 0.410781 0.510211 0.020313 0.033864
2 0.394148 0.571686 0.021547 0.025152
2 0.373945 0.572272 0.020797 0.027822
2 0.419555 0.565679 0.023203 0.028970
2 0.455609 0.562787 0.018781 0.024637
2 0.439484 0.566253 0.020906 0.028852
2 0.529687 0.501171 0.909375 0.576112
