3 0.418080 0.522461 0.138970 0.127797
3 0.309391 0.524555 0.112974 0.133172
3 0.768525 0.553766 0.104543 0.115281
3 0.152963 0.473953 0.100820 0.100906
3 0.337178 0.440477 0.067424 0.028641
8 0.381194 0.428953 0.199906 0.032438
8 0.602963 0.465977 0.581148 0.041172
3 0.774625 0.424266 0.053419 0.013813
3 0.809977 0.426102 0.032412 0.007297
3 0.833852 0.440180 0.073607 0.020672
3 0.730199 0.531437 0.078197 0.082312
3 0.751569 0.529148 0.059578 0.076047
8 0.814672 0.433773 0.110656 0.013922
8 0.898829 0.431852 0.111710 0.034109
