3 0.866820 0.168740 0.148984 0.135438
3 0.775234 0.178937 0.053250 0.141333
3 0.562938 0.139219 0.060875 0.130021
8 0.542977 0.658583 0.914047 0.660667
8 0.716039 0.121542 0.397203 0.161875
1 0.492133 0.662667 0.269672 0.202250
3 0.857148 0.122427 0.073078 0.096812
3 0.487406 0.188552 0.082906 0.242354
3 0.117703 0.210240 0.035781 0.051479
3 0.119133 0.149573 0.057328 0.077854
3 0.114617 0.116156 0.054328 0.045271
8 0.065547 0.181448 0.131094 0.088937
3 0.569727 0.283521 0.085234 0.155042
3 0.597117 0.072417 0.037391 0.029542
3 0.615805 0.058490 0.022359 0.020313
3 0.348820 0.317563 0.041547 0.111917
8 0.521953 0.157010 0.201844 0.271146
