3 0.415734 0.606344 0.143750 0.172938
3 0.452531 0.489896 0.129781 0.067417
8 0.561352 0.811469 0.877297 0.377063
8 0.404789 0.431656 0.158016 0.039229
1 0.837852 0.818875 0.296891 0.151208
3 0.207250 0.390302 0.048000 0.033479
3 0.077703 0.675677 0.141906 0.353604
3 0.354992 0.538344 0.082359 0.134104
3 0.049164 0.400396 0.060797 0.023542
3 0.426367 0.395094 0.061734 0.041146
3 0.397898 0.388906 0.062328 0.040521
3 0.131398 0.425583 0.071734 0.044042
3 0.272484 0.383344 0.051750 0.028146
3 0.411414 0.448844 0.100141 0.074771
3 0.106312 0.402917 0.050406 0.034833
3 0.038953 0.482354 0.077906 0.091875
3 0.401562 0.551042 0.800000 0.377083
