3 0.558344 0.516948 0.046687 0.039604
3 0.930672 0.973844 0.136500 0.044979
3 0.145344 0.967021 0.261781 0.044958
3 0.746773 0.716271 0.112891 0.133333
8 0.758047 0.886479 0.482844 0.203875
8 0.272641 0.885302 0.153531 0.192938
8 0.419867 0.601146 0.040328 0.134625
8 0.443664 0.521740 0.034359 0.083812
8 0.532773 0.569500 0.028141 0.080833
8 0.378578 0.722365 0.077406 0.230979
8 0.586672 0.697594 0.179500 0.205604
8 0.456398 0.485479 0.020047 0.057750
8 0.463141 0.464823 0.022250 0.048313
8 0.475367 0.430490 0.016703 0.030854
