0 0.535294 0.534118 0.190588 0.715294
0 0.426062 0.484984 0.166667 0.680752
0 0.644028 0.486528 0.176977 0.629526
0 0.372941 0.430588 0.134118 0.630588
0 0.117647 0.565882 0.117647 0.162353
0 0.196070 0.914649 0.083219 0.074395
0 0.166699 0.733562 0.110556 0.064183
0 0.092116 0.814395 0.138644 0.061078
0 0.122843 0.454690 0.147026 0.290261
0 0.082075 0.362288 0.086013 0.148660
0 0.109134 0.259101 0.090327 0.082745
0 0.179395 0.866814 0.107320 0.057516
0 0.137663 0.920000 0.150654 0.070131
0 0.122549 0.529412 0.241830 0.937908
