14 0.251703 0.668917 0.037625 0.062389
14 0.161812 0.733833 0.064250 0.116167
14 0.673266 0.612764 0.028094 0.042361
3 0.090875 0.679153 0.058219 0.068417
3 0.404320 0.871694 0.082516 0.256611
3 0.470586 0.841528 0.071797 0.267333
3 0.518172 0.786028 0.048375 0.194222
3 0.652141 0.859306 0.113563 0.281389
3 0.695594 0.739861 0.075875 0.174222
3 0.750086 0.673097 0.044859 0.072361
3 0.802992 0.690375 0.035891 0.145250
3 0.061984 0.926125 0.123969 0.147750
3 0.304633 0.919111 0.141578 0.139333
13 0.857812 0.397819 0.061094 0.062361
13 0.559617 0.420542 0.027297 0.036306
14 0.396266 0.671653 0.047938 0.066861
14 0.551117 0.564153 0.021109 0.037528
3 0.212070 0.890653 0.132172 0.218694
3 0.740273 0.759389 0.090391 0.206833
14 0.314242 0.712042 0.073297 0.101083
14 0.541406 0.646764 0.035875 0.058639
14 0.342805 0.649319 0.048516 0.060528
14 0.470953 0.561792 0.017625 0.020139
14 0.042844 0.725097 0.083250 0.042806
14 0.284727 0.595236 0.030141 0.046083
14 0.452117 0.565611 0.018828 0.028111
14 0.252258 0.555792 0.018609 0.031361
13 0.478211 0.654917 0.046453 0.050278
13 0.613039 0.619431 0.023672 0.044750
13 0.692109 0.601986 0.022594 0.043806
13 0.468320 0.562958 0.016078 0.017083
3 0.834375 0.758333 0.168750 0.355556
14 0.389844 0.615278 0.739062 0.236111
