5 0.907930 0.406587 0.147260 0.462187
4 0.498390 0.812893 0.822580 0.344080
3 0.480870 0.460133 0.092140 0.163787
3 0.608060 0.461293 0.080640 0.161307
3 0.654450 0.444080 0.043220 0.139307
4 0.164520 0.660453 0.316120 0.326880
8 0.564100 0.402387 0.188640 0.028507
14 0.219950 0.771907 0.166860 0.164027
3 0.711970 0.433987 0.031180 0.131600
3 0.767640 0.428400 0.047480 0.128533
3 0.520170 0.378413 0.022020 0.037893
3 0.406520 0.387933 0.039200 0.064133
3 0.541390 0.429053 0.437500 0.141893
3 0.479070 0.386947 0.029700 0.040880
3 0.341000 0.389987 0.023960 0.068187
3 0.740020 0.371240 0.031760 0.043280
8 0.263100 0.791227 0.402480 0.230933
