3 0.921961 0.746917 0.156078 0.506167
3 0.407578 0.380781 0.219062 0.199146
3 0.505906 0.333333 0.092906 0.186917
3 0.339148 0.228854 0.033484 0.021458
8 0.233742 0.270062 0.235422 0.105375
3 0.734523 0.437667 0.095047 0.232958
8 0.782023 0.388760 0.104484 0.080896
8 0.513125 0.240052 0.142781 0.060021
8 0.311422 0.250188 0.169406 0.071792
3 0.842633 0.611187 0.240078 0.386333
3 0.241477 0.347417 0.043172 0.078000
3 0.385797 0.232302 0.033250 0.023229
3 0.280336 0.265365 0.047734 0.020313
3 0.302914 0.232656 0.034547 0.017396
3 0.510492 0.217635 0.063266 0.041146
8 0.421758 0.675323 0.839609 0.612979
8 0.379656 0.245906 0.041125 0.032563
3 0.267883 0.348833 0.029516 0.093792
3 0.292070 0.262958 0.051609 0.037042
3 0.341406 0.304167 0.123438 0.170833
