0 0.964381 0.370664 0.065533 0.045016
0 0.251795 0.605797 0.050361 0.045656
0 0.464608 0.804320 0.037868 0.046672
0 0.332766 0.962789 0.045376 0.062172
0 0.250933 0.709297 0.035533 0.038875
0 0.902618 0.819734 0.033354 0.039625
0 0.310541 0.630055 0.052335 0.028828
0 0.052845 0.733492 0.029734 0.054047
0 0.869075 0.664141 0.052915 0.059125
0 0.852837 0.801898 0.045423 0.059047
0 0.896082 0.255461 0.050690 0.055578
0 0.937790 0.316430 0.034859 0.026234
0 0.978754 0.274180 0.031771 0.034391
0 0.704545 0.466406 0.572100 0.701562
