5 0.276617 0.721076 0.126734 0.155674
5 0.898789 0.718605 0.149672 0.221986
8 0.441914 0.834397 0.232297 0.067376
8 0.963594 0.940745 0.072813 0.069811
8 0.623617 0.758830 0.077766 0.044704
3 0.284430 0.873818 0.147047 0.252364
3 0.453469 0.904480 0.173344 0.182340
3 0.692484 0.864811 0.078906 0.248440
3 0.573703 0.872695 0.097594 0.232671
3 0.367398 0.731761 0.045672 0.106312
3 0.152297 0.934220 0.109406 0.109622
3 0.756000 0.832317 0.064469 0.235319
3 0.431625 0.768901 0.091312 0.073641
3 0.957766 0.747660 0.031969 0.101135
3 0.166359 0.764267 0.045594 0.151891
3 0.934117 0.875638 0.115672 0.197660
3 0.848383 0.918913 0.088578 0.162175
8 0.104766 0.767896 0.106375 0.127801
8 0.642531 0.709787 0.068750 0.026005
8 0.745883 0.683014 0.112641 0.017991
8 0.401812 0.698357 0.063656 0.010946
3 0.629547 0.722979 0.056469 0.048180
3 0.518750 0.737589 0.959375 0.193853
