13 0.838859 0.503934 0.259375 0.215738
3 0.580383 0.830105 0.262578 0.339789
3 0.052992 0.717225 0.102984 0.203583
3 0.261625 0.904496 0.469281 0.191007
3 0.895812 0.914602 0.208375 0.148314
14 0.422180 0.646300 0.143391 0.157752
14 0.707008 0.655398 0.160797 0.141897
14 0.777516 0.672869 0.044438 0.129485
14 0.455641 0.567553 0.068250 0.028220
3 0.966344 0.741206 0.067312 0.200867
8 0.622133 0.861042 0.627328 0.277916
13 0.030328 0.328571 0.057188 0.189602
14 0.575594 0.613244 0.093344 0.120820
15 0.803648 0.683185 0.099078 0.152600
