5 0.911730 0.533705 0.176540 0.559554
5 0.698770 0.429023 0.039780 0.058174
4 0.448620 0.721921 0.897240 0.403885
3 0.378920 0.638089 0.123080 0.180552
3 0.635410 0.559055 0.085860 0.062611
5 0.742130 0.419798 0.037140 0.071868
5 0.400910 0.437197 0.131060 0.209554
4 0.118500 0.576497 0.235360 0.106412
3 0.510990 0.525414 0.033740 0.034989
5 0.664370 0.424310 0.043180 0.067516
5 0.844540 0.434204 0.029120 0.034522
5 0.479500 0.431008 0.043320 0.054501
5 0.308630 0.425679 0.038780 0.052590
5 0.816010 0.417665 0.041220 0.075159
8 0.542030 0.561730 0.065700 0.059512
