2 0.454617 0.716198 0.108172 0.114479
2 0.778531 0.759125 0.094375 0.086167
2 0.882820 0.483427 0.090234 0.130104
2 0.472133 0.423417 0.292234 0.254500
2 0.817219 0.454833 0.077938 0.137458
2 0.772203 0.430948 0.068219 0.124229
2 0.719641 0.414833 0.070406 0.099333
2 0.958437 0.483667 0.070688 0.149542
2 0.872867 0.775844 0.101922 0.107771
2 0.561539 0.712969 0.107266 0.098854
2 0.242992 0.776583 0.105453 0.122000
2 0.161539 0.493948 0.117578 0.164354
2 0.068922 0.504010 0.100656 0.163312
2 0.500000 0.498958 0.996875 0.997917
