8 0.146320 0.891646 0.289141 0.186917
1 0.030703 0.901771 0.061406 0.070958
1 0.411273 0.708125 0.049484 0.036542
1 0.500477 0.605875 0.058453 0.020292
1 0.488687 0.788594 0.079906 0.040562
1 0.014289 0.722000 0.026859 0.046875
13 0.969063 0.402073 0.061562 0.092937
1 0.087938 0.494688 0.024156 0.010208
1 0.243406 0.416760 0.012406 0.016021
3 0.622750 0.903375 0.267969 0.193250
3 0.266820 0.863531 0.044297 0.272937
3 0.788797 0.693896 0.126906 0.322792
3 0.204461 0.558375 0.105516 0.201292
3 0.435781 0.457927 0.054094 0.126771
3 0.359062 0.452115 0.073656 0.130188
1 0.486953 0.761938 0.077344 0.050708
8 0.698375 0.422073 0.091563 0.028563
3 0.331828 0.811823 0.151781 0.359521
3 0.165703 0.516708 0.067875 0.137542
3 0.452266 0.581729 0.088313 0.197000
3 0.771609 0.441073 0.031062 0.119104
3 0.383594 0.525000 0.767188 0.341667
