8 0.377820 0.595515 0.185922 0.143817
8 0.889070 0.583888 0.128516 0.034192
14 0.165945 0.477272 0.025016 0.034824
14 0.380172 0.510141 0.105187 0.085574
3 0.670766 0.621429 0.092812 0.168337
3 0.542398 0.653829 0.068953 0.087049
3 0.815438 0.618279 0.021438 0.058618
3 0.476750 0.609836 0.048656 0.154379
3 0.612148 0.633794 0.044297 0.092927
8 0.666453 0.543290 0.145250 0.016230
8 0.840328 0.558689 0.030594 0.029508
3 0.342469 0.619660 0.040313 0.016417
3 0.142844 0.583970 0.059937 0.103208
3 0.287844 0.597494 0.132688 0.132834
