3 0.083344 0.470097 0.163062 0.204496
1 0.739219 0.671647 0.329750 0.193256
1 0.236813 0.616599 0.206094 0.139012
3 0.457195 0.546463 0.049641 0.173895
3 0.538102 0.277529 0.105078 0.047190
3 0.165719 0.384971 0.020844 0.053275
3 0.449867 0.285339 0.134859 0.039128
8 0.476500 0.326967 0.239156 0.092151
8 0.587102 0.250233 0.191641 0.049690
8 0.948820 0.343857 0.102359 0.206008
8 0.873789 0.245262 0.080516 0.069826
3 0.492297 0.495494 0.145281 0.237849
3 0.581141 0.292907 0.087594 0.029690
3 0.619062 0.271376 0.059813 0.019457
8 0.500000 0.790262 1.000000 0.419477
3 0.969906 0.323643 0.060188 0.249147
3 0.662992 0.223585 0.055141 0.021163
3 0.874445 0.194864 0.046172 0.031589
