2 0.737720 0.496427 0.092080 0.121173
2 0.656290 0.538707 0.105020 0.132293
2 0.793080 0.417453 0.091000 0.115653
2 0.309440 0.581667 0.093760 0.096507
2 0.212230 0.576200 0.098980 0.107920
2 0.114880 0.572200 0.099760 0.108560
2 0.584310 0.363067 0.093900 0.083147
2 0.363870 0.325120 0.087300 0.089013
2 0.101730 0.374880 0.088180 0.093813
2 0.791890 0.328520 0.072700 0.097787
2 0.858470 0.401120 0.075460 0.081387
2 0.665280 0.391440 0.101000 0.108640
8 0.498700 0.488840 0.993520 0.968827
2 0.701650 0.369507 0.062580 0.091867
2 0.438000 0.453333 0.876000 0.368000
