2 0.271828 0.445344 0.044625 0.018104
2 0.177219 0.445688 0.022844 0.022292
2 0.238414 0.449927 0.021609 0.013688
2 0.260711 0.540667 0.041266 0.026625
2 0.262969 0.313937 0.034469 0.041500
2 0.258594 0.665854 0.007781 0.020375
2 0.208523 0.737687 0.048078 0.035708
2 0.143711 0.387667 0.032891 0.021708
2 0.175961 0.390031 0.030734 0.016104
2 0.207398 0.387927 0.036516 0.020813
2 0.212797 0.500177 0.034437 0.029104
2 0.257828 0.495344 0.040844 0.035271
2 0.171187 0.501073 0.039781 0.025313
2 0.489844 0.537500 0.776563 0.533333
