0 0.147945 0.694530 0.073203 0.151693
0 0.852375 0.473009 0.193062 0.302821
0 0.189898 0.817382 0.080141 0.173950
0 0.080922 0.822351 0.082094 0.171787
0 0.185891 0.524702 0.087969 0.164702
0 0.618258 0.698793 0.050047 0.083480
0 0.667711 0.653150 0.054109 0.116771
0 0.345148 0.764044 0.034609 0.083009
0 0.856016 0.759796 0.174437 0.290502
0 0.919359 0.245878 0.025938 0.096959
0 0.589164 0.805251 0.044797 0.096646
0 0.153648 0.177759 0.063891 0.097461
0 0.343477 0.561223 0.035516 0.071285
8 0.500617 0.492586 0.998766 0.985172
