4 0.697438 0.609594 0.408625 0.481396
14 0.647719 0.476740 0.092531 0.068812
3 0.455141 0.461125 0.141813 0.185208
3 0.199773 0.662208 0.161297 0.134417
3 0.616859 0.652135 0.249437 0.262937
3 0.821625 0.536188 0.157781 0.036125
3 0.526711 0.447156 0.056234 0.155813
3 0.686211 0.421875 0.030016 0.041958
3 0.129945 0.524542 0.193828 0.087500
3 0.164805 0.848552 0.326234 0.280271
3 0.722289 0.774125 0.349328 0.451750
3 0.890258 0.722083 0.218172 0.368833
3 0.737281 0.487917 0.195531 0.092917
13 0.951945 0.115583 0.096109 0.220792
4 0.183086 0.607917 0.138703 0.158125
