3 0.623234 0.391031 0.059813 0.139771
3 0.283891 0.309969 0.059813 0.070771
3 0.590883 0.259542 0.053016 0.078333
3 0.544813 0.337646 0.035813 0.050458
3 0.536328 0.305979 0.029094 0.015292
3 0.287109 0.352615 0.054562 0.013062
8 0.477789 0.799792 0.730641 0.400417
8 0.610062 0.332083 0.170781 0.084792
8 0.571328 0.840760 0.512750 0.300812
3 0.590992 0.257646 0.051484 0.050792
3 0.591750 0.267510 0.055031 0.060062
3 0.287391 0.374146 0.061344 0.021125
3 0.292414 0.383937 0.065641 0.056750
3 0.291852 0.420187 0.073047 0.080167
