3 0.737992 0.342910 0.044766 0.075889
3 0.629453 0.352460 0.057094 0.084734
3 0.895883 0.123961 0.031453 0.044965
3 0.970617 0.231212 0.032141 0.029677
3 0.150828 0.354388 0.057313 0.084296
3 0.230305 0.365173 0.024078 0.028176
3 0.145359 0.345219 0.029406 0.033487
3 0.233289 0.327968 0.034297 0.048360
3 0.958797 0.153106 0.036344 0.048476
3 0.925984 0.116928 0.029844 0.042309
3 0.957836 0.100843 0.031359 0.025566
3 0.929016 0.156316 0.031219 0.044596
3 0.454008 0.160162 0.037922 0.053995
3 0.609375 0.209007 0.734375 0.334873
