0 0.418340 0.726507 0.124040 0.198453
0 0.293630 0.655667 0.145060 0.058960
0 0.758330 0.552013 0.058660 0.051173
0 0.427010 0.251640 0.083900 0.125520
0 0.541080 0.202747 0.079720 0.071627
0 0.771530 0.669467 0.056940 0.064640
0 0.608140 0.687867 0.126640 0.074027
0 0.789530 0.840627 0.173180 0.120133
0 0.587770 0.895133 0.037060 0.045893
0 0.635460 0.178467 0.075560 0.094160
0 0.253510 0.373453 0.105940 0.048240
0 0.412080 0.489560 0.075520 0.096240
0 0.752430 0.354147 0.048460 0.154160
0 0.604000 0.502667 0.508000 0.781333
