2 0.552516 0.669229 0.043125 0.024083
2 0.592023 0.660813 0.043609 0.020792
2 0.522625 0.598219 0.035656 0.021146
2 0.705953 0.665615 0.047656 0.029104
2 0.568812 0.633990 0.041250 0.025354
2 0.568047 0.694365 0.047531 0.031688
2 0.621484 0.684240 0.052031 0.031187
2 0.664852 0.673740 0.050828 0.029562
2 0.528375 0.641417 0.044156 0.026292
2 0.643234 0.622344 0.044125 0.023646
2 0.506609 0.585698 0.035750 0.020979
2 0.540102 0.577896 0.032672 0.019667
2 0.606164 0.629146 0.040859 0.025542
2 0.566406 0.604167 0.276562 0.175000
