14 0.282852 0.023428 0.072797 0.046856
3 0.850602 0.188483 0.101609 0.152293
3 0.025680 0.104858 0.051359 0.110764
3 0.242047 0.078734 0.047344 0.132620
3 0.663578 0.138646 0.120188 0.192402
3 0.326453 0.088755 0.119000 0.087642
3 0.585281 0.053919 0.102906 0.078581
3 0.426586 0.083996 0.057328 0.104410
3 0.875078 0.171255 0.116062 0.205611
3 0.567570 0.151114 0.136734 0.154891
3 0.062781 0.265240 0.123000 0.298035
3 0.150898 0.116343 0.114891 0.179760
3 0.758938 0.080600 0.093281 0.098624
3 0.485344 0.056310 0.058625 0.112620
4 0.837609 0.052806 0.098125 0.080415
4 0.653937 0.023483 0.085156 0.046965
3 0.564063 0.127729 0.868750 0.251092
