3 0.691453 0.491335 0.044375 0.109555
3 0.806055 0.482365 0.058734 0.100749
3 0.032672 0.243326 0.062313 0.077096
3 0.056688 0.304637 0.058750 0.055457
3 0.125023 0.246112 0.052328 0.075925
3 0.473742 0.114227 0.046516 0.081101
3 0.522906 0.124180 0.051313 0.096838
3 0.107469 0.334672 0.056719 0.109625
3 0.603000 0.126616 0.056719 0.096183
3 0.753969 0.486417 0.050094 0.106276
3 0.044867 0.172494 0.053672 0.073419
3 0.312430 0.489602 0.056141 0.089087
3 0.228359 0.482588 0.021813 0.061803
3 0.500000 0.448478 0.996875 0.896956
