3 0.860609 0.392927 0.278781 0.465246
3 0.656773 0.225176 0.137953 0.412459
8 0.389688 0.362108 0.519094 0.289227
3 0.129688 0.298829 0.109375 0.456674
3 0.211414 0.112354 0.249234 0.224707
3 0.483594 0.098946 0.225000 0.197892
3 0.752945 0.386405 0.080797 0.339649
8 0.599422 0.763021 0.771437 0.434895
1 0.361781 0.295902 0.333719 0.149555
1 0.570141 0.793501 0.471375 0.288314
1 0.579867 0.689415 0.441547 0.388618
1 0.327602 0.205094 0.301891 0.170890
1 0.342375 0.269520 0.307625 0.132201
1 0.360133 0.363349 0.280547 0.054895
