3 0.114414 0.334698 0.042234 0.027021
3 0.915070 0.273146 0.032141 0.069042
3 0.777813 0.218938 0.044875 0.028167
3 0.827117 0.223406 0.046016 0.024646
3 0.875312 0.224750 0.042250 0.028708
3 0.839867 0.278438 0.039609 0.028167
3 0.938695 0.600354 0.068359 0.039792
3 0.717266 0.169677 0.038500 0.025854
3 0.553789 0.237281 0.047609 0.035729
3 0.158398 0.353760 0.040047 0.051604
3 0.837070 0.249438 0.040984 0.018625
3 0.880867 0.254948 0.032578 0.023854
3 0.920438 0.229448 0.046031 0.028979
3 0.517188 0.244792 0.962500 0.477083
