3 0.293852 0.286101 0.024266 0.020445
3 0.327398 0.283466 0.028141 0.025433
3 0.382695 0.250937 0.028641 0.037986
3 0.373977 0.216604 0.016266 0.033864
3 0.402891 0.213571 0.026062 0.031967
3 0.378008 0.201534 0.026297 0.035293
3 0.531297 0.223536 0.025688 0.021920
3 0.429094 0.230785 0.026656 0.023677
3 0.708430 0.216815 0.031859 0.041077
3 0.710766 0.175644 0.028250 0.024075
3 0.610148 0.175035 0.031016 0.019157
3 0.303898 0.261616 0.026766 0.015831
3 0.335062 0.260585 0.017906 0.014192
3 0.569531 0.291569 0.857812 0.311475
