3 0.053953 0.875610 0.107906 0.235962
3 0.042063 0.667782 0.084125 0.118803
3 0.043672 0.597958 0.085969 0.141596
3 0.091656 0.559308 0.030094 0.083075
3 0.074906 0.497817 0.054250 0.054648
3 0.097977 0.675575 0.050578 0.145516
3 0.366383 0.802007 0.132391 0.259836
3 0.027008 0.511420 0.049953 0.061385
3 0.105375 0.860305 0.049531 0.248732
3 0.298242 0.524073 0.055984 0.063685
3 0.393320 0.512864 0.064141 0.066620
13 0.514062 0.798873 0.111500 0.219484
3 0.440344 0.604472 0.107813 0.149789
3 0.211719 0.653756 0.398438 0.575117
