4 0.127719 0.290510 0.117938 0.113271
4 0.068484 0.345760 0.136375 0.210146
3 0.519016 0.322354 0.092594 0.186417
3 0.918891 0.272677 0.071406 0.162646
3 0.815586 0.248573 0.060547 0.098646
14 0.876508 0.179458 0.043422 0.051083
15 0.761969 0.972083 0.116656 0.047917
13 0.981977 0.655365 0.036047 0.432521
14 0.454062 0.211812 0.029563 0.040000
14 0.967328 0.165604 0.050906 0.042083
3 0.833867 0.382573 0.248422 0.290771
3 0.697430 0.213062 0.019891 0.051625
3 0.972406 0.338958 0.055188 0.205208
3 0.401852 0.834156 0.162953 0.301229
