3 0.099344 0.763785 0.078781 0.130475
3 0.185828 0.766341 0.075719 0.136760
3 0.521664 0.761802 0.072922 0.148296
3 0.600305 0.731271 0.083828 0.199860
3 0.682484 0.698212 0.084969 0.253184
3 0.437305 0.760433 0.072484 0.139469
3 0.768234 0.765656 0.072969 0.136397
3 0.844789 0.740265 0.085203 0.167793
3 0.929664 0.758031 0.082234 0.144888
3 0.317219 0.762668 0.010219 0.138911
3 0.365234 0.759902 0.049812 0.128631
3 0.270633 0.762598 0.073672 0.139274
3 0.930664 0.699930 0.016953 0.021536
3 0.581250 0.642458 0.403125 0.162011
