4 0.398438 0.649694 0.279906 0.098918
4 0.604797 0.730106 0.275625 0.217200
8 0.252344 0.877647 0.504687 0.221176
3 0.886164 0.861494 0.183953 0.247741
3 0.793523 0.748965 0.124797 0.184941
3 0.576477 0.911518 0.152672 0.152118
3 0.465109 0.882918 0.114469 0.201835
3 0.389578 0.825353 0.089188 0.168259
3 0.326805 0.786518 0.068641 0.125835
5 0.675156 0.567824 0.072781 0.120776
5 0.162422 0.770847 0.256125 0.336141
3 0.089359 0.748459 0.115594 0.083224
5 0.567289 0.584976 0.083016 0.104541
3 0.608719 0.726565 0.290531 0.208329
5 0.617117 0.577400 0.061047 0.113953
