3 0.186641 0.795696 0.227969 0.408608
3 0.458438 0.631108 0.048375 0.164764
3 0.377656 0.576509 0.049969 0.077594
3 0.582000 0.886026 0.175250 0.206439
3 0.896867 0.860932 0.143891 0.247335
3 0.762945 0.865590 0.158141 0.230094
8 0.577836 0.835283 0.563766 0.328585
3 0.530750 0.663538 0.092000 0.124811
3 0.645867 0.659410 0.086422 0.116698
3 0.412937 0.533255 0.040813 0.034245
8 0.433727 0.579988 0.118016 0.072665
3 0.496305 0.574693 0.040141 0.075755
3 0.392914 0.676722 0.102578 0.145094
3 0.888000 0.693031 0.188031 0.138986
