3 0.955891 0.872535 0.084656 0.254931
3 0.045539 0.786901 0.059266 0.242419
3 0.306461 0.457949 0.053922 0.057143
3 0.817898 0.308018 0.032047 0.056313
3 0.845398 0.289862 0.043859 0.073641
8 0.476977 0.655058 0.944797 0.658410
8 0.227734 0.408571 0.438875 0.255300
1 0.634922 0.568721 0.104594 0.067765
1 0.275570 0.823491 0.045516 0.089055
1 0.704891 0.704320 0.087469 0.056336
1 0.578375 0.538295 0.034469 0.050461
1 0.537641 0.601855 0.093437 0.043341
1 0.678711 0.489332 0.035391 0.067097
3 0.087164 0.359159 0.020109 0.057811
8 0.896344 0.309078 0.122094 0.096175
1 0.810695 0.570576 0.040641 0.024055
3 0.224742 0.298479 0.048078 0.053456
