13 0.404396 0.432203 0.056708 0.144781
13 0.507844 0.438781 0.106062 0.155906
13 0.295948 0.630711 0.120063 0.319234
13 0.946229 0.275555 0.093208 0.053297
13 0.766437 0.278469 0.090167 0.073094
15 0.123104 0.859891 0.127375 0.045750
3 0.079104 0.551953 0.155542 0.300969
13 0.587854 0.275523 0.080417 0.058203
13 0.854625 0.254547 0.070000 0.045188
13 0.959438 0.295000 0.077833 0.048969
13 0.491167 0.288687 0.014833 0.038000
15 0.688344 0.302828 0.012521 0.009094
3 0.245500 0.389000 0.138125 0.154156
3 0.296417 0.356070 0.112083 0.112953
3 0.883125 0.487016 0.180083 0.283125
3 0.965115 0.331602 0.069771 0.041328
3 0.886677 0.279461 0.063812 0.060453
3 0.820969 0.272062 0.062354 0.067281
3 0.476760 0.349398 0.056646 0.090047
3 0.173594 0.455750 0.184438 0.207500
3 0.357927 0.321297 0.096729 0.090688
13 0.438250 0.369719 0.030375 0.070156
13 0.468865 0.329008 0.028729 0.075266
13 0.512573 0.307609 0.025771 0.054156
13 0.451698 0.637852 0.166354 0.365016
3 0.607052 0.363922 0.099187 0.095781
3 0.733458 0.336336 0.138667 0.159734
3 0.850052 0.370180 0.049104 0.095859
