3 0.262441 0.170313 0.047277 0.022187
3 0.309613 0.172063 0.053075 0.025969
3 0.360845 0.172305 0.048357 0.023641
3 0.403873 0.172992 0.039014 0.023797
3 0.440352 0.171992 0.050610 0.018609
3 0.487629 0.174312 0.046620 0.022531
3 0.533122 0.173797 0.040141 0.020188
3 0.193251 0.195969 0.050399 0.020125
3 0.625869 0.176836 0.046479 0.020359
3 0.494061 0.247422 0.040329 0.015656
3 0.566127 0.097906 0.053146 0.025656
3 0.387383 0.046102 0.039225 0.020141
3 0.416690 0.198242 0.040188 0.019578
3 0.500000 0.146094 0.995305 0.273438
