3 0.543501 0.173414 0.094590 0.015422
3 0.497635 0.140617 0.107494 0.037016
3 0.447178 0.094742 0.087143 0.020859
5 0.130761 0.447398 0.145878 0.169422
3 0.177869 0.066617 0.090585 0.055797
3 0.216124 0.094711 0.093279 0.031891
3 0.113326 0.101766 0.109555 0.054875
3 0.139333 0.121625 0.090281 0.024906
3 0.778817 0.073945 0.090515 0.034734
3 0.431019 0.171594 0.097588 0.015250
3 0.394848 0.057398 0.091569 0.020266
3 0.283103 0.060047 0.091499 0.032469
3 0.832916 0.032305 0.085129 0.016734
3 0.231218 0.126336 0.017518 0.015578
