3 0.967830 0.143232 0.064340 0.070317
3 0.027550 0.221755 0.050460 0.053852
3 0.222400 0.102678 0.074800 0.191530
3 0.375000 0.077929 0.024080 0.071636
3 0.059860 0.268654 0.111720 0.039420
3 0.947850 0.217902 0.077740 0.067889
3 0.962190 0.068707 0.067100 0.074354
3 0.903790 0.139446 0.062740 0.060844
3 0.354550 0.197164 0.099660 0.166623
3 0.786230 0.074881 0.066900 0.078259
3 0.865640 0.023259 0.106800 0.023984
3 0.911850 0.309406 0.142580 0.111372
3 0.769300 0.269195 0.125400 0.038496
3 0.890000 0.068602 0.084000 0.089710
