8 0.849570 0.662104 0.041609 0.017750
3 0.712352 0.691469 0.041109 0.071396
3 0.729680 0.677104 0.035797 0.068500
8 0.363047 0.587302 0.027094 0.005812
8 0.302289 0.615187 0.032672 0.029333
8 0.157117 0.606906 0.030859 0.023896
8 0.247453 0.577583 0.046437 0.010958
8 0.315336 0.625927 0.035078 0.044646
3 0.745219 0.635010 0.030687 0.053979
3 0.666953 0.697177 0.026219 0.044771
3 0.612023 0.659875 0.035984 0.065625
3 0.628469 0.642312 0.030437 0.069375
3 0.541172 0.656802 0.028750 0.050479
3 0.469359 0.648583 0.033469 0.064000
3 0.342812 0.631240 0.027094 0.054521
3 0.554758 0.629344 0.021578 0.033521
3 0.579445 0.615948 0.023391 0.041438
3 0.886469 0.688354 0.035187 0.082333
3 0.711562 0.641385 0.027375 0.028146
8 0.693227 0.653146 0.038766 0.012625
8 0.816102 0.636844 0.038484 0.011062
8 0.569125 0.609865 0.028437 0.008354
8 0.640875 0.627563 0.033875 0.008833
8 0.519242 0.645302 0.032484 0.039354
8 0.421484 0.624719 0.026125 0.012313
3 0.817828 0.679958 0.037937 0.070458
8 0.851484 0.619417 0.015625 0.008917
8 0.711719 0.608333 0.039062 0.016667
3 0.546875 0.635417 0.887500 0.133333
