3 0.364516 0.444083 0.119344 0.221500
3 0.138133 0.409552 0.063609 0.252854
3 0.223875 0.423490 0.169719 0.228438
3 0.912477 0.487250 0.167484 0.259833
3 0.470758 0.478760 0.111047 0.242479
16 0.263320 0.553042 0.069922 0.055792
16 0.571437 0.542104 0.028344 0.086750
3 0.763789 0.705125 0.144234 0.401167
3 0.408648 0.327104 0.048328 0.075750
3 0.077617 0.532344 0.155234 0.237687
3 0.482898 0.280260 0.062016 0.041354
3 0.387477 0.315396 0.023453 0.075792
3 0.402320 0.285073 0.054141 0.034771
3 0.097219 0.357646 0.030312 0.088417
3 0.022375 0.382781 0.044750 0.026729
13 0.900359 0.210302 0.156469 0.286604
3 0.711719 0.330208 0.045312 0.060417
