3 0.681828 0.651459 0.167969 0.309788
3 0.044141 0.688365 0.065406 0.236588
3 0.170117 0.846059 0.208922 0.285388
3 0.467172 0.724341 0.188219 0.371553
3 0.453148 0.446647 0.057047 0.093012
3 0.728930 0.932247 0.106891 0.132541
8 0.731062 0.379929 0.265031 0.284753
8 0.294211 0.636624 0.304422 0.354235
8 0.949367 0.660941 0.101266 0.172471
8 0.944461 0.127541 0.111078 0.167035
8 0.567258 0.968459 0.144234 0.063082
3 0.955445 0.927671 0.089109 0.140235
3 0.838508 0.859576 0.103484 0.205318
3 0.895148 0.506424 0.100359 0.211341
3 0.498508 0.449106 0.064172 0.181412
3 0.855797 0.234988 0.006438 0.050729
3 0.581250 0.498824 0.834375 0.997647
