5 0.580930 0.328653 0.020703 0.062037
5 0.593789 0.110785 0.029453 0.066019
5 0.601289 0.220937 0.024641 0.053817
5 0.536813 0.184204 0.012781 0.012763
5 0.508570 0.174859 0.013016 0.020773
5 0.119445 0.372763 0.089547 0.132927
5 0.235711 0.523583 0.022703 0.040843
5 0.223367 0.501534 0.009953 0.015948
5 0.205859 0.525199 0.033156 0.046276
5 0.194820 0.583044 0.033016 0.059016
5 0.671266 0.480539 0.058875 0.134801
5 0.328609 0.721265 0.024625 0.037892
5 0.488266 0.177073 0.016000 0.022436
5 0.252344 0.627635 0.067187 0.098361
