3 0.061900 0.057067 0.063000 0.064358
3 0.438950 0.079372 0.066460 0.069078
3 0.511820 0.085112 0.061000 0.041285
3 0.726950 0.037444 0.077740 0.066508
3 0.041730 0.132891 0.062980 0.076061
3 0.910710 0.021662 0.056700 0.041313
3 0.012900 0.111006 0.025800 0.073240
3 0.130580 0.059553 0.064680 0.052849
3 0.583740 0.058128 0.061280 0.073073
3 0.087070 0.014092 0.057140 0.028184
3 0.539810 0.030293 0.053420 0.058911
3 0.500890 0.068631 0.059820 0.066369
3 0.371470 0.091271 0.067660 0.074385
3 0.464000 0.092179 0.928000 0.184358
