5 0.314086 0.272687 0.031984 0.064537
3 0.555648 0.475617 0.086984 0.152599
8 0.466516 0.769405 0.652625 0.456476
3 0.286039 0.480452 0.071422 0.083238
3 0.389281 0.366740 0.035031 0.047137
3 0.470008 0.401189 0.091203 0.151894
3 0.440812 0.455892 0.094437 0.179185
3 0.266969 0.395022 0.007125 0.035947
3 0.799492 0.549604 0.069984 0.147974
8 0.622977 0.407081 0.305984 0.138172
8 0.385164 0.375011 0.146484 0.135529
13 0.661047 0.200661 0.289406 0.262643
3 0.605273 0.487015 0.053422 0.044163
3 0.966836 0.727004 0.038328 0.100000
8 0.038016 0.489802 0.071719 0.113084
0 0.447984 0.878183 0.018406 0.016938
0 0.557391 0.632819 0.012750 0.018634
0 0.715422 0.694416 0.014563 0.019361
3 0.981195 0.867126 0.037609 0.076542
14 0.898352 0.316410 0.047297 0.084493
3 0.280867 0.567357 0.034984 0.051454
3 0.804859 0.435617 0.075063 0.107797
3 0.434164 0.426718 0.050828 0.028502
3 0.914844 0.367258 0.028063 0.051211
3 0.081680 0.585286 0.038234 0.104229
3 0.160938 0.356828 0.300000 0.149780
