5 0.606187 0.614704 0.057250 0.107449
5 0.089008 0.372699 0.110484 0.149909
8 0.518102 0.666082 0.335672 0.283690
8 0.112070 0.938018 0.221484 0.123964
8 0.747563 0.315011 0.103781 0.158405
8 0.803359 0.111059 0.092594 0.222118
5 0.386453 0.084499 0.083344 0.146856
5 0.482375 0.368907 0.113469 0.131116
5 0.526687 0.096492 0.062938 0.120091
5 0.486445 0.225501 0.092859 0.164533
5 0.164797 0.206492 0.286844 0.412984
5 0.830008 0.739260 0.124984 0.103030
5 0.071438 0.590592 0.105781 0.145649
8 0.635336 0.414510 0.211828 0.226697
