3 0.792609 0.255427 0.048250 0.083854
3 0.745344 0.253510 0.038875 0.087563
3 0.696750 0.250312 0.049938 0.086792
3 0.753352 0.195375 0.074609 0.053667
3 0.471500 0.225781 0.048094 0.076396
3 0.703281 0.145896 0.030969 0.023875
3 0.752039 0.129969 0.050828 0.078229
3 0.792609 0.137729 0.044969 0.086333
3 0.838516 0.263781 0.051875 0.080979
3 0.433922 0.225229 0.037906 0.070208
3 0.815797 0.199583 0.049094 0.047750
3 0.891758 0.263500 0.048359 0.080708
3 0.435383 0.185167 0.043297 0.065125
3 0.479687 0.184375 0.959375 0.239583
