3 0.225146 0.086008 0.019333 0.013016
3 0.265406 0.083781 0.034896 0.017844
3 0.251865 0.018445 0.034146 0.021547
3 0.099635 0.275211 0.057937 0.069453
3 0.662604 0.067562 0.021708 0.013437
3 0.624823 0.060336 0.038271 0.021672
3 0.083469 0.030859 0.035396 0.027875
3 0.109021 0.039727 0.032583 0.012078
3 0.036479 0.024305 0.011833 0.011422
3 0.018792 0.102328 0.034417 0.044531
5 0.121115 0.838148 0.164062 0.061734
5 0.239146 0.818680 0.122958 0.050297
5 0.373771 0.798195 0.172750 0.066109
5 0.486635 0.772086 0.108313 0.061234
5 0.673177 0.748773 0.119063 0.060891
5 0.737417 0.733648 0.096750 0.048641
3 0.451135 0.128742 0.007812 0.008703
3 0.661104 0.020281 0.029833 0.010437
5 0.223771 0.228180 0.058792 0.023297
5 0.299010 0.226711 0.016438 0.027922
5 0.394563 0.220422 0.096958 0.030844
5 0.854229 0.718758 0.194458 0.067516
3 0.628823 0.133414 0.035104 0.016797
3 0.501042 0.114844 0.993750 0.229687
