0 0.679094 0.825883 0.549062 0.216484
0 0.139670 0.790594 0.279339 0.216469
0 0.199595 0.570281 0.392196 0.235156
0 0.954733 0.454508 0.090533 0.161641
0 0.260746 0.887102 0.133134 0.079266
0 0.974776 0.870820 0.050448 0.182234
0 0.278550 0.672102 0.242175 0.054203
0 0.900085 0.536195 0.150661 0.060953
0 0.905362 0.952477 0.133710 0.063234
0 0.530458 0.655789 0.256269 0.091547
0 0.843348 0.749055 0.137996 0.062766
0 0.121205 0.927422 0.242409 0.096188
0 0.021151 0.427898 0.042303 0.152453
0 0.579957 0.723437 0.835821 0.546875
