5 0.338008 0.363229 0.137891 0.287000
8 0.889750 0.416063 0.180531 0.037500
8 0.693672 0.438125 0.164125 0.111958
8 0.586883 0.372083 0.127797 0.031375
8 0.756719 0.363094 0.188406 0.025062
8 0.971148 0.354427 0.056484 0.016813
3 0.487969 0.349698 0.063500 0.098771
3 0.635711 0.329094 0.025266 0.047396
3 0.782992 0.322740 0.051297 0.057438
3 0.876008 0.312927 0.045672 0.049813
3 0.881734 0.500521 0.119969 0.178917
3 0.966312 0.482812 0.063750 0.168458
3 0.506750 0.408594 0.050813 0.082604
3 0.269070 0.367042 0.063891 0.113583
3 0.565094 0.331542 0.059531 0.064208
3 0.395344 0.369719 0.049406 0.106896
3 0.915984 0.305500 0.036469 0.050833
5 0.018430 0.395260 0.036859 0.168313
8 0.854555 0.312896 0.030797 0.050542
8 0.778734 0.321917 0.065281 0.067500
3 0.858984 0.282521 0.023719 0.015583
5 0.027430 0.528396 0.054859 0.119167
8 0.900383 0.344698 0.120703 0.014771
8 0.973703 0.385896 0.052594 0.019167
8 0.526687 0.339125 0.056844 0.059542
3 0.697484 0.323479 0.061000 0.058208
8 0.957094 0.334865 0.085812 0.014563
3 0.741406 0.448958 0.445312 0.239583
8 0.817969 0.284375 0.345313 0.060417
