3 0.176070 0.325615 0.165922 0.277646
3 0.227508 0.173323 0.096172 0.105063
3 0.829703 0.332427 0.152688 0.154354
3 0.976234 0.240854 0.044625 0.123958
3 0.652375 0.252740 0.086563 0.120313
3 0.855891 0.118448 0.031688 0.052188
3 0.744930 0.227687 0.103797 0.199875
8 0.787656 0.261854 0.344406 0.189208
8 0.529211 0.702250 0.906734 0.564042
3 0.913102 0.189531 0.116609 0.094437
3 0.412516 0.204813 0.058875 0.194208
3 0.556930 0.154187 0.076297 0.160417
3 0.674664 0.145542 0.073922 0.083250
8 0.576898 0.158229 0.106672 0.147375
8 0.848367 0.174896 0.032203 0.052917
8 0.465820 0.646490 0.931641 0.707021
8 0.030672 0.136323 0.061344 0.035937
3 0.714250 0.100323 0.040906 0.034854
