8 0.256410 0.546695 0.109820 0.013613
3 0.484000 0.587325 0.021240 0.061877
3 0.576470 0.582633 0.034700 0.055798
3 0.627190 0.583557 0.018700 0.045546
3 0.687890 0.582437 0.029660 0.052101
3 0.526030 0.587899 0.031060 0.056919
3 0.355010 0.580042 0.029660 0.054650
3 0.020760 0.568501 0.027640 0.043838
3 0.435020 0.589356 0.023040 0.050980
3 0.732020 0.561261 0.017280 0.014286
3 0.140570 0.555378 0.013380 0.010028
3 0.178440 0.558123 0.019120 0.016359
8 0.634230 0.552199 0.148380 0.010224
8 0.228320 0.565154 0.028720 0.013277
3 0.172000 0.578431 0.200000 0.064426
