0 0.634805 0.726375 0.107953 0.147583
0 0.898578 0.341698 0.094188 0.073604
0 0.625734 0.334948 0.087156 0.142229
0 0.494758 0.499552 0.150797 0.098062
0 0.375164 0.524135 0.159203 0.070229
0 0.508258 0.720115 0.148484 0.135021
0 0.759508 0.184208 0.103859 0.051500
0 0.593211 0.589385 0.099891 0.058854
0 0.508234 0.338823 0.077656 0.037646
0 0.444125 0.419552 0.093531 0.051771
0 0.669945 0.739333 0.096078 0.134833
0 0.762906 0.414271 0.071000 0.056167
0 0.669961 0.539604 0.074922 0.064917
0 0.555469 0.548958 0.670312 0.822917
