5 0.407328 0.493736 0.084719 0.161194
5 0.428672 0.330583 0.087375 0.368333
5 0.252492 0.365444 0.046609 0.181944
5 0.259320 0.555264 0.038297 0.196417
5 0.704320 0.402639 0.078391 0.412167
5 0.713555 0.775278 0.097328 0.278667
3 0.447687 0.634653 0.122250 0.218250
3 0.322945 0.609056 0.104141 0.212944
3 0.388516 0.632750 0.106563 0.256444
3 0.910305 0.768847 0.154703 0.208861
3 0.616852 0.861792 0.116297 0.271917
5 0.564000 0.404889 0.160250 0.132278
5 0.875758 0.663542 0.248484 0.182806
5 0.963875 0.468917 0.072250 0.215944
5 0.307539 0.559181 0.101328 0.248750
3 0.231930 0.899833 0.217109 0.200333
8 0.898961 0.916764 0.202078 0.166472
