3 0.586758 0.820432 0.190984 0.334067
3 0.382719 0.741476 0.176219 0.177660
3 0.931094 0.695418 0.053687 0.145933
3 0.888656 0.699540 0.039125 0.143482
4 0.160695 0.771671 0.321391 0.236045
8 0.631984 0.647897 0.085031 0.013788
8 0.498148 0.684694 0.106828 0.074457
8 0.712484 0.759499 0.062094 0.224123
8 0.210367 0.661240 0.090484 0.026657
3 0.870336 0.725975 0.061078 0.206100
3 0.753906 0.759457 0.021375 0.166490
3 0.370516 0.602033 0.027875 0.074875
3 0.939680 0.884123 0.120641 0.231755
5 0.636602 0.484290 0.136109 0.176212
5 0.421812 0.453454 0.056500 0.086518
5 0.421086 0.564847 0.046891 0.137549
5 0.977586 0.734735 0.044828 0.381783
3 0.806961 0.703677 0.051891 0.120111
3 0.400297 0.611602 0.037406 0.053900
14 0.195797 0.611142 0.039000 0.049192
14 0.932461 0.606365 0.023641 0.038078
5 0.770016 0.570139 0.147156 0.387019
3 0.403086 0.676031 0.086828 0.079248
3 0.596875 0.732591 0.771875 0.211699
