8 0.322125 0.734822 0.644250 0.278724
8 0.945086 0.798713 0.108016 0.201695
8 0.742680 0.538211 0.095672 0.226967
15 0.344750 0.689613 0.038062 0.028389
15 0.812078 0.554958 0.024094 0.018243
3 0.477867 0.855377 0.221016 0.289247
3 0.228258 0.841569 0.228266 0.294393
3 0.052422 0.568515 0.103937 0.159372
3 0.832016 0.755973 0.092469 0.462155
3 0.657766 0.374226 0.044156 0.072469
3 0.721969 0.491893 0.060813 0.220565
8 0.802781 0.577406 0.077156 0.091590
14 0.967148 0.729331 0.065703 0.066862
14 0.389773 0.433954 0.087203 0.014100
14 0.201805 0.677939 0.188141 0.142238
