3 0.171477 0.739533 0.228891 0.318925
3 0.567883 0.576484 0.033766 0.145164
3 0.713617 0.735386 0.175516 0.287453
3 0.790492 0.600245 0.174203 0.252967
3 0.029805 0.637488 0.050359 0.183481
1 0.447813 0.724743 0.305375 0.146776
3 0.982320 0.668002 0.035359 0.220023
3 0.108242 0.494544 0.063609 0.055818
3 0.111180 0.550643 0.049266 0.083014
8 0.478641 0.788762 0.371188 0.323598
3 0.151195 0.864766 0.302391 0.270467
3 0.023836 0.506402 0.039422 0.061075
3 0.844477 0.418119 0.071266 0.037921
8 0.336211 0.562886 0.145797 0.207874
8 0.286797 0.534007 0.097437 0.095117
8 0.527516 0.405152 0.011469 0.015117
3 0.867070 0.875946 0.265859 0.248107
3 0.581492 0.466776 0.046422 0.089766
8 0.637570 0.910923 0.509359 0.158014
8 0.917047 0.519486 0.165906 0.096729
