3 0.212102 0.601823 0.156734 0.279354
3 0.533586 0.654677 0.123328 0.208396
3 0.513172 0.398823 0.041156 0.025896
3 0.258016 0.429625 0.076125 0.184375
3 0.148633 0.390333 0.041328 0.118083
3 0.967266 0.447625 0.065469 0.118292
3 0.238359 0.369146 0.038062 0.066542
3 0.694508 0.574177 0.098766 0.204354
3 0.441469 0.437260 0.052250 0.072313
8 0.191070 0.471969 0.163766 0.104771
8 0.166852 0.400000 0.144953 0.067417
16 0.706500 0.425729 0.029437 0.018083
16 0.444852 0.768365 0.026422 0.023979
8 0.839648 0.449250 0.264141 0.084833
8 0.514344 0.518448 0.154812 0.135354
8 0.906531 0.587771 0.186938 0.193958
8 0.783445 0.818188 0.433109 0.337667
3 0.480148 0.428083 0.029859 0.057667
3 0.192672 0.356375 0.043438 0.057000
