5 0.031031 0.879500 0.062062 0.100292
5 0.070039 0.872073 0.050828 0.108937
5 0.115133 0.862104 0.047734 0.111375
5 0.195492 0.850021 0.045422 0.112000
5 0.234461 0.841896 0.032047 0.106292
5 0.160500 0.863885 0.046844 0.097604
5 0.267734 0.833531 0.042969 0.118688
5 0.305898 0.824344 0.042141 0.112354
5 0.375000 0.817969 0.038750 0.080896
5 0.510320 0.748156 0.024172 0.049937
5 0.394094 0.814813 0.033375 0.073417
5 0.461797 0.718729 0.040438 0.121333
5 0.350187 0.837833 0.024938 0.057000
5 0.412719 0.811542 0.020813 0.064542
5 0.423508 0.801156 0.011516 0.069437
5 0.324625 0.819708 0.028094 0.106000
5 0.628906 0.739583 0.435937 0.175000
