2 0.397250 0.720093 0.050260 0.070000
2 0.349290 0.702773 0.038220 0.047093
2 0.402010 0.655667 0.050340 0.056133
2 0.537620 0.697600 0.076600 0.083840
2 0.509830 0.771920 0.048860 0.051680
2 0.380180 0.783400 0.053720 0.065200
2 0.449140 0.827427 0.061760 0.085307
2 0.648860 0.731507 0.058800 0.054747
2 0.553820 0.846533 0.072880 0.056800
2 0.437820 0.272880 0.084240 0.056480
2 0.439450 0.780280 0.070180 0.057413
2 0.526000 0.557640 0.070080 0.049733
2 0.507990 0.515920 0.046500 0.067413
2 0.495000 0.562667 0.398000 0.869333
