3 0.741763 0.110461 0.032895 0.014172
3 0.708539 0.164961 0.031184 0.015734
3 0.563803 0.104422 0.030395 0.012250
3 0.466605 0.126078 0.035474 0.010375
3 0.543105 0.154852 0.030737 0.008703
3 0.394434 0.134063 0.030447 0.012375
3 0.513250 0.127219 0.032342 0.013312
3 0.553145 0.134789 0.034921 0.015484
3 0.157605 0.035242 0.031895 0.023953
3 0.584013 0.168000 0.037658 0.017906
3 0.282461 0.110492 0.025921 0.017047
3 0.723171 0.133367 0.032395 0.009047
3 0.193539 0.071992 0.028974 0.019734
3 0.498684 0.089844 0.997368 0.176563
