13 0.553633 0.735400 0.193984 0.157294
13 0.292438 0.760706 0.206750 0.164894
13 0.722383 0.655482 0.054141 0.054494
13 0.431016 0.663141 0.038969 0.054000
13 0.559234 0.618259 0.037406 0.024753
3 0.714992 0.784047 0.126266 0.402682
3 0.625211 0.677365 0.080203 0.135576
3 0.444906 0.733941 0.137937 0.259459
3 0.590867 0.601071 0.045141 0.040871
3 0.361406 0.615129 0.046344 0.057600
3 0.345414 0.599506 0.037797 0.038871
13 0.633375 0.656447 0.042281 0.042071
13 0.592281 0.610753 0.013375 0.024188
3 0.300008 0.918906 0.600016 0.162188
13 0.379891 0.641353 0.035281 0.062376
3 0.551391 0.810094 0.228750 0.379812
3 0.321773 0.655753 0.109016 0.057812
3 0.374430 0.634247 0.045891 0.077247
13 0.386602 0.586188 0.019234 0.010965
