3 0.840727 0.305678 0.199891 0.394065
3 0.948055 0.210444 0.103891 0.301822
14 0.547023 0.562231 0.697297 0.842687
3 0.270898 0.239965 0.105734 0.143902
8 0.250969 0.753937 0.312594 0.492126
8 0.927344 0.784311 0.145313 0.431379
8 0.865820 0.106565 0.208203 0.042991
15 0.133750 0.919848 0.144281 0.137079
3 0.949570 0.177418 0.059547 0.064416
3 0.584039 0.111390 0.056172 0.039836
3 0.140813 0.307138 0.091219 0.239416
3 0.956797 0.081822 0.086406 0.078318
3 0.864656 0.103119 0.086531 0.054369
3 0.721555 0.092231 0.087297 0.031332
14 0.403172 0.283855 0.315219 0.489579
