5 0.531147 0.628370 0.500480 0.494620
5 0.477027 0.249340 0.322587 0.113720
5 0.817987 0.920220 0.341573 0.159560
3 0.943067 0.505660 0.095733 0.052360
3 0.823747 0.599620 0.128667 0.100440
3 0.298267 0.551770 0.092480 0.096780
3 0.446720 0.703190 0.068373 0.064420
3 0.366693 0.439570 0.086293 0.028100
3 0.347467 0.485930 0.070400 0.065260
3 0.796373 0.538230 0.105067 0.074580
5 0.916840 0.527620 0.049413 0.036280
8 0.059867 0.910040 0.116053 0.168880
8 0.914507 0.568090 0.169067 0.114860
3 0.993307 0.595270 0.013387 0.063260
3 0.079880 0.818930 0.157893 0.107780
