8 0.491029 0.643047 0.977582 0.690572
2 0.348946 0.569886 0.167794 0.121961
2 0.318693 0.875000 0.222974 0.186928
2 0.215049 0.587067 0.114314 0.113415
2 0.122802 0.743154 0.224984 0.157484
2 0.535629 0.776789 0.239232 0.205049
2 0.238693 0.801683 0.215196 0.177908
2 0.634828 0.385392 0.231454 0.168529
2 0.493415 0.307639 0.141765 0.105180
2 0.548227 0.213938 0.194526 0.118203
2 0.655842 0.180163 0.163350 0.087059
2 0.353529 0.394355 0.155163 0.121324
2 0.497966 0.368325 0.133905 0.078415
2 0.475719 0.445703 0.119837 0.083660
2 0.463235 0.496732 0.890523 0.993464
