2 0.417141 0.707302 0.102813 0.150562
2 0.239633 0.674771 0.166484 0.156958
2 0.177812 0.479781 0.170219 0.119104
2 0.103680 0.414323 0.144891 0.121896
2 0.890273 0.648625 0.169172 0.164333
2 0.812359 0.557302 0.148313 0.148312
2 0.819102 0.447187 0.151672 0.125833
2 0.762984 0.372406 0.138688 0.138812
2 0.378758 0.607927 0.140484 0.145313
2 0.297242 0.398510 0.139172 0.128896
2 0.229906 0.563771 0.168187 0.127167
2 0.977445 0.448531 0.045109 0.103438
2 0.650852 0.383698 0.045547 0.091104
2 0.347656 0.602083 0.692187 0.462500
