3 0.404953 0.345480 0.080937 0.054286
3 0.579469 0.343677 0.079937 0.059906
3 0.666930 0.346522 0.079578 0.057166
3 0.506234 0.280269 0.046844 0.069297
3 0.354852 0.273642 0.083234 0.077400
3 0.493508 0.342916 0.077547 0.058712
3 0.208805 0.333864 0.023234 0.042623
3 0.118086 0.319836 0.030578 0.038876
3 0.609625 0.282834 0.079906 0.071897
3 0.573945 0.121464 0.067922 0.046487
3 0.439117 0.279742 0.079266 0.072600
3 0.189508 0.333618 0.018547 0.044660
3 0.075609 0.106569 0.050313 0.046534
3 0.164844 0.120609 0.326562 0.091335
