3 0.664833 0.289602 0.061333 0.049453
3 0.682208 0.250422 0.070792 0.072750
3 0.614469 0.242070 0.063354 0.058516
3 0.921271 0.245688 0.068083 0.057625
3 0.972938 0.297680 0.053458 0.063578
3 0.142542 0.378297 0.059542 0.040406
3 0.269604 0.127195 0.052250 0.036047
3 0.599552 0.285453 0.053687 0.038031
3 0.286354 0.220570 0.053708 0.024609
3 0.372448 0.169320 0.059396 0.022266
3 0.909125 0.291445 0.068375 0.052203
3 0.946010 0.142367 0.065604 0.036672
3 0.979240 0.241289 0.041521 0.052297
3 0.503125 0.217188 0.964583 0.400000
