2 0.853788 0.634687 0.126494 0.095906
2 0.512388 0.571313 0.240024 0.131656
2 0.743506 0.240000 0.204471 0.088563
2 0.516471 0.219891 0.228376 0.094125
2 0.675106 0.734828 0.179341 0.076406
2 0.543118 0.719703 0.207506 0.102313
2 0.345918 0.742008 0.181200 0.064266
2 0.670035 0.637078 0.196259 0.096625
2 0.779659 0.681516 0.154000 0.081000
2 0.855129 0.720258 0.200847 0.080016
2 0.216824 0.733969 0.169647 0.066562
2 0.943200 0.635039 0.110871 0.090109
2 0.923176 0.738117 0.152376 0.056672
2 0.698824 0.486719 0.597647 0.579688
