3 0.615667 0.296289 0.051475 0.034359
3 0.565726 0.296906 0.051733 0.032313
3 0.805117 0.356719 0.052529 0.035813
3 0.654028 0.325930 0.055457 0.030234
3 0.706780 0.326813 0.053700 0.034500
3 0.758513 0.324688 0.056464 0.033375
3 0.815714 0.322891 0.053349 0.033344
3 0.750070 0.358055 0.057143 0.035703
3 0.695422 0.360172 0.054309 0.035250
3 0.640890 0.360609 0.054895 0.034187
3 0.586171 0.361781 0.058056 0.034094
3 0.345234 0.332648 0.052248 0.030953
3 0.395094 0.333547 0.054169 0.034781
3 0.498829 0.298438 0.997658 0.596875
