8 0.514510 0.737648 0.934896 0.491766
2 0.440823 0.733313 0.072938 0.034594
2 0.332500 0.678156 0.061750 0.025531
2 0.520167 0.732648 0.072083 0.031734
2 0.459375 0.695328 0.070208 0.029563
2 0.313979 0.653703 0.058458 0.022562
2 0.354510 0.642273 0.050854 0.027172
2 0.621781 0.762727 0.074979 0.027391
2 0.400375 0.679953 0.078250 0.032281
2 0.288156 0.604656 0.059104 0.021875
2 0.257406 0.589594 0.053479 0.020594
2 0.233281 0.599984 0.055104 0.021500
2 0.610437 0.739508 0.076750 0.028453
8 0.531781 0.473055 0.838146 0.073484
2 0.156042 0.564672 0.056292 0.019156
2 0.515625 0.583594 0.843750 0.285938
