3 0.342086 0.644321 0.022203 0.055480
3 0.113242 0.722096 0.046922 0.076792
3 0.316789 0.653653 0.030297 0.059953
3 0.282523 0.662377 0.033734 0.060960
3 0.250820 0.664684 0.018922 0.065948
5 0.224953 0.190749 0.023844 0.039578
5 0.329219 0.013267 0.012531 0.019133
5 0.479305 0.588290 0.024859 0.059953
5 0.507898 0.620902 0.030078 0.043630
3 0.085961 0.714415 0.068953 0.104895
3 0.328859 0.629204 0.018375 0.029321
3 0.296313 0.624251 0.016563 0.014215
8 0.220109 0.647986 0.061906 0.011897
8 0.063219 0.688689 0.041563 0.039859
8 0.111828 0.671756 0.055188 0.022061
8 0.300781 0.636030 0.031656 0.009672
5 0.530508 0.627213 0.016828 0.050492
