3 0.716562 0.791706 0.080844 0.184729
3 0.529813 0.869553 0.068281 0.131953
3 0.644211 0.710094 0.041453 0.028753
3 0.313602 0.820059 0.045422 0.182612
3 0.467227 0.823482 0.072797 0.214776
3 0.744195 0.716788 0.039172 0.023412
3 0.424328 0.729588 0.026094 0.022706
8 0.477187 0.844682 0.125031 0.198118
3 0.777398 0.735318 0.023109 0.059106
5 0.372563 0.755059 0.117281 0.441553
5 0.595094 0.741200 0.107844 0.409976
5 0.908578 0.724000 0.073969 0.341976
5 0.812211 0.659976 0.107641 0.182353
8 0.706430 0.788800 0.164203 0.157271
