3 0.441398 0.822732 0.031922 0.055400
3 0.488063 0.825950 0.032188 0.058380
3 0.650961 0.846199 0.035734 0.099611
3 0.614969 0.849752 0.035781 0.112419
3 0.410102 0.798391 0.025203 0.027538
3 0.535906 0.855508 0.039062 0.115205
3 0.373125 0.831695 0.037906 0.090864
8 0.314422 0.924417 0.379688 0.151166
3 0.710555 0.849244 0.035484 0.098099
3 0.572242 0.878229 0.020453 0.031404
8 0.237273 0.847721 0.181328 0.103348
8 0.048508 0.907365 0.097016 0.091836
8 0.850414 0.934158 0.295859 0.131685
8 0.490609 0.850551 0.217563 0.128877
