8 0.955094 0.585632 0.073406 0.010000
3 0.183469 0.633899 0.024219 0.119461
3 0.505734 0.637518 0.042344 0.076347
3 0.394461 0.624778 0.045453 0.114098
8 0.263125 0.582026 0.079469 0.040445
3 0.904203 0.626276 0.066844 0.076628
8 0.451016 0.614028 0.080875 0.102436
3 0.707531 0.608232 0.023281 0.063864
5 0.600047 0.122026 0.046531 0.051874
5 0.396930 0.098712 0.044953 0.050773
5 0.233203 0.214660 0.073281 0.115831
5 0.530609 0.238630 0.062344 0.103255
5 0.784383 0.251569 0.029609 0.104122
3 0.892813 0.618384 0.041438 0.026464
3 0.037320 0.641136 0.026078 0.122084
3 0.354586 0.615867 0.034953 0.040304
3 0.671742 0.616885 0.046016 0.041452
3 0.808617 0.625867 0.035422 0.099977
3 0.986570 0.620609 0.026859 0.093489
3 0.555852 0.622974 0.060109 0.032881
8 0.601344 0.583185 0.029750 0.012927
8 0.813398 0.623454 0.126734 0.101756
8 0.007562 0.605831 0.015125 0.026885
3 0.060156 0.558548 0.042188 0.030445
