13 0.116040 0.597597 0.226560 0.420627
13 0.165080 0.367701 0.128480 0.105134
3 0.422890 0.711821 0.142660 0.309672
3 0.541920 0.433463 0.026520 0.125015
3 0.532640 0.390731 0.018680 0.102299
13 0.214280 0.347821 0.075880 0.113254
13 0.957630 0.377567 0.083100 0.122418
13 0.702180 0.324149 0.070040 0.077672
13 0.787540 0.346403 0.041240 0.095433
16 0.508920 0.534269 0.053720 0.109254
16 0.349310 0.567866 0.047620 0.038478
16 0.371860 0.351896 0.015360 0.033881
3 0.826330 0.502716 0.052900 0.106746
13 0.221600 0.259955 0.028200 0.055970
16 0.555570 0.802672 0.068260 0.072925
16 0.350710 0.451836 0.021060 0.056806
16 0.516600 0.606970 0.049960 0.059313
16 0.670940 0.985075 0.099680 0.029851
16 0.390470 0.360881 0.020100 0.021881
