3 0.340222 0.425453 0.119930 0.031406
3 0.418478 0.428484 0.039859 0.026594
3 0.459965 0.431094 0.039087 0.029031
3 0.478080 0.407156 0.040562 0.027062
3 0.438290 0.406086 0.036300 0.026359
3 0.400621 0.405953 0.041382 0.025969
3 0.423173 0.382141 0.033466 0.024969
3 0.327564 0.401813 0.034520 0.023875
3 0.240316 0.530422 0.069204 0.052844
3 0.363302 0.403984 0.037564 0.025500
3 0.386522 0.382883 0.031358 0.024734
3 0.347600 0.383383 0.036792 0.027953
3 0.612108 0.387805 0.033443 0.025234
3 0.585480 0.350000 0.819672 0.309375
