3 0.528367 0.813635 0.318547 0.350562
3 0.167094 0.807260 0.306594 0.385479
3 0.739055 0.821708 0.157141 0.216958
14 0.878125 0.533115 0.130125 0.145271
14 0.142922 0.574302 0.194156 0.121438
14 0.745820 0.664656 0.116641 0.030313
3 0.571750 0.752469 0.208531 0.340813
8 0.766852 0.824719 0.353922 0.328104
8 0.208234 0.638927 0.059813 0.021062
3 0.919375 0.899542 0.161250 0.200917
3 0.256766 0.816187 0.136063 0.110250
8 0.893406 0.796458 0.195875 0.399083
8 0.285000 0.664510 0.167813 0.020979
8 0.219977 0.974260 0.157766 0.049979
