3 0.232555 0.069656 0.028234 0.022188
3 0.469008 0.241781 0.036672 0.055271
3 0.257805 0.047260 0.026234 0.023438
3 0.229367 0.046208 0.026922 0.015375
3 0.199508 0.041542 0.028359 0.019167
3 0.201852 0.068323 0.031453 0.023229
3 0.984172 0.359406 0.031656 0.036188
3 0.804500 0.345365 0.047625 0.037812
3 0.439594 0.233990 0.033563 0.024604
3 0.873320 0.129969 0.035234 0.022354
3 0.200969 0.114427 0.042875 0.064562
3 0.150195 0.141115 0.030484 0.056354
3 0.114383 0.063417 0.026672 0.022042
3 0.499219 0.185417 0.998437 0.370833
