5 0.232396 0.566047 0.094500 0.125750
5 0.808594 0.527742 0.053854 0.088234
8 0.639333 0.511406 0.096292 0.054844
8 0.545365 0.535453 0.166021 0.058625
5 0.519094 0.498266 0.067271 0.043875
5 0.640708 0.480133 0.041542 0.019484
5 0.397948 0.532852 0.097646 0.073234
5 0.441656 0.508367 0.031854 0.053672
5 0.564927 0.493000 0.036396 0.043688
5 0.297656 0.570969 0.074604 0.085031
5 0.319500 0.508641 0.111542 0.064469
5 0.357240 0.603953 0.100188 0.162187
5 0.248604 0.620688 0.085792 0.099156
5 0.784885 0.549813 0.076521 0.084625
5 0.140021 0.585484 0.126250 0.132250
5 0.631250 0.494531 0.333333 0.129688
