3 0.426742 0.490333 0.022359 0.027875
3 0.277188 0.492802 0.029156 0.035062
3 0.122289 0.495917 0.030641 0.041833
3 0.132383 0.493917 0.025578 0.039042
3 0.152641 0.487427 0.025000 0.025396
3 0.187164 0.494625 0.031953 0.039042
3 0.101055 0.495552 0.031641 0.039354
3 0.413445 0.495573 0.027797 0.034396
3 0.053547 0.487594 0.029875 0.029062
3 0.208133 0.495833 0.037016 0.044917
3 0.066781 0.494750 0.030281 0.044875
3 0.078969 0.481917 0.017813 0.018875
3 0.163750 0.487073 0.020969 0.025979
3 0.302344 0.531250 0.567187 0.125000
