8 0.571906 0.755055 0.856188 0.480891
1 0.803010 0.748406 0.259604 0.123687
1 0.373188 0.797883 0.345625 0.177047
1 0.266448 0.646570 0.279271 0.120828
1 0.571958 0.343133 0.277917 0.060672
1 0.579562 0.388070 0.299208 0.058047
1 0.564458 0.413922 0.267292 0.040094
1 0.576417 0.534898 0.249542 0.060672
1 0.566708 0.594219 0.247500 0.068562
1 0.578083 0.474094 0.285292 0.060813
1 0.578667 0.635836 0.269042 0.051172
8 0.165417 0.465453 0.185667 0.207281
8 0.143000 0.267102 0.126792 0.058453
1 0.583292 0.666867 0.188250 0.027578
