2 0.447743 0.569236 0.031690 0.026250
2 0.296505 0.596649 0.036944 0.021424
2 0.330787 0.580903 0.028380 0.026389
2 0.433067 0.495625 0.018171 0.021667
2 0.446192 0.484531 0.016829 0.022326
2 0.414942 0.568264 0.029884 0.024722
2 0.370069 0.585069 0.034259 0.022361
2 0.361146 0.521076 0.024977 0.024306
2 0.272188 0.588646 0.030810 0.021944
2 0.213090 0.617326 0.031829 0.023403
2 0.145984 0.619687 0.039236 0.029583
2 0.117234 0.587934 0.035347 0.027326
2 0.302928 0.584236 0.031921 0.021667
2 0.377315 0.404514 0.351852 0.371528
