8 0.550281 0.769667 0.773594 0.370792
8 0.024344 0.566927 0.048688 0.031813
3 0.353086 0.652438 0.166859 0.096625
3 0.570500 0.638198 0.102813 0.076396
3 0.703039 0.610437 0.081453 0.058917
3 0.760664 0.593698 0.070172 0.050979
3 0.829641 0.584177 0.050094 0.045104
3 0.884117 0.565729 0.038953 0.054917
3 0.920609 0.558885 0.031094 0.051562
3 0.089898 0.611698 0.092172 0.129354
3 0.448891 0.624177 0.078938 0.097854
3 0.623812 0.607344 0.064125 0.069313
3 0.643906 0.596792 0.038719 0.083250
8 0.149219 0.623177 0.244188 0.095604
8 0.782016 0.556698 0.067375 0.022979
