3 0.374356 0.486156 0.032245 0.026188
3 0.656216 0.664000 0.041372 0.045969
3 0.356674 0.508016 0.031393 0.018969
3 0.574958 0.657883 0.040353 0.028391
3 0.613306 0.664359 0.042204 0.042188
3 0.695655 0.661813 0.043867 0.044344
3 0.737484 0.660039 0.044283 0.047016
3 0.777453 0.650695 0.046258 0.028016
3 0.815842 0.650305 0.047152 0.029734
3 0.855125 0.647164 0.042474 0.029141
3 0.892879 0.655539 0.049709 0.043828
3 0.968025 0.652156 0.038129 0.042125
3 0.560291 0.704945 0.047152 0.048641
3 0.405405 0.457813 0.806653 0.481250
