5 0.166406 0.563897 0.114906 0.280282
5 0.242602 0.678509 0.091859 0.090869
5 0.293656 0.604965 0.077125 0.162042
5 0.528242 0.781420 0.038828 0.073216
5 0.405414 0.592300 0.068359 0.165305
5 0.658547 0.846808 0.056656 0.085117
5 0.666508 0.663298 0.072578 0.207441
5 0.604023 0.759624 0.126266 0.115070
5 0.475687 0.812899 0.053250 0.100962
5 0.289008 0.944061 0.234047 0.111878
5 0.493797 0.764378 0.038531 0.085000
5 0.468359 0.611397 0.070500 0.157394
5 0.425539 0.814155 0.049203 0.111925
5 0.438281 0.495305 0.535937 0.774648
