0 0.150883 0.676025 0.017391 0.069863
0 0.166039 0.683389 0.019109 0.054199
0 0.077797 0.676377 0.018500 0.061504
0 0.114602 0.655420 0.012047 0.028535
0 0.105750 0.656621 0.018688 0.036133
0 0.093773 0.654463 0.028891 0.049199
0 0.184547 0.681797 0.014719 0.058281
0 0.119789 0.651875 0.019203 0.041055
0 0.086000 0.680000 0.016656 0.054336
0 0.134516 0.650332 0.010750 0.023008
0 0.170805 0.681406 0.014266 0.056055
0 0.158859 0.651104 0.012156 0.019980
0 0.176734 0.685400 0.005750 0.052324
0 0.183594 0.652344 0.301563 0.328125
