3 0.959828 0.596635 0.079219 0.222479
3 0.906555 0.561448 0.071109 0.230063
3 0.860437 0.556562 0.050000 0.155417
3 0.785250 0.516990 0.074687 0.143271
1 0.540883 0.868229 0.915891 0.235292
1 0.361656 0.272156 0.158312 0.069437
3 0.857500 0.476177 0.061031 0.072146
5 0.134555 0.162802 0.269109 0.206771
8 0.959562 0.494094 0.080875 0.028187
3 0.759352 0.476250 0.038359 0.064500
3 0.960617 0.460115 0.078766 0.026729
3 0.819852 0.512563 0.040734 0.140125
3 0.047422 0.600073 0.090063 0.168313
8 0.755844 0.771427 0.132469 0.051937
8 0.862102 0.464573 0.039172 0.013437
