2 0.487010 0.686601 0.160523 0.159314
2 0.693652 0.354281 0.208317 0.156863
2 0.097222 0.705605 0.166569 0.089020
2 0.277786 0.359240 0.197663 0.147467
2 0.300531 0.700588 0.159493 0.163007
2 0.459510 0.370237 0.200490 0.154232
2 0.342949 0.591920 0.122369 0.089918
2 0.698946 0.694306 0.167042 0.153121
2 0.063962 0.360989 0.127925 0.125310
2 0.867876 0.669951 0.160621 0.158039
2 0.870466 0.355180 0.186520 0.170980
2 0.328627 0.612949 0.128105 0.075016
2 0.294044 0.277067 0.147663 0.051814
2 0.500000 0.475490 0.996732 0.578431
