2 0.459445 0.904260 0.051703 0.059396
2 0.536430 0.886677 0.046172 0.034021
2 0.495375 0.882437 0.043000 0.026875
2 0.572102 0.933406 0.055328 0.036604
2 0.579102 0.910146 0.050828 0.039417
2 0.417633 0.904813 0.045484 0.036625
2 0.409383 0.872750 0.051734 0.032375
3 0.389742 0.363990 0.026578 0.013562
2 0.529414 0.917375 0.045641 0.045792
2 0.247289 0.764656 0.028797 0.027062
2 0.186586 0.815260 0.029703 0.024438
2 0.420906 0.851625 0.048219 0.037000
8 0.468367 0.935656 0.866953 0.128688
2 0.382305 0.889833 0.032891 0.032083
3 0.391531 0.372458 0.015875 0.003542
