3 0.293187 0.353833 0.074344 0.074583
2 0.403133 0.865094 0.044516 0.054854
2 0.466836 0.858625 0.041234 0.058208
2 0.363102 0.764354 0.037516 0.056375
2 0.302531 0.852104 0.046125 0.036125
2 0.587477 0.541979 0.072891 0.053375
2 0.446703 0.826521 0.052906 0.062500
2 0.417391 0.808979 0.041313 0.065875
2 0.395344 0.830875 0.042250 0.042250
2 0.324430 0.821229 0.044422 0.044417
2 0.371914 0.805552 0.034016 0.035521
2 0.360687 0.846333 0.043031 0.065708
2 0.544836 0.611094 0.027234 0.025979
2 0.556430 0.597687 0.025547 0.015208
