3 0.127998 0.487247 0.087761 0.094853
3 0.304265 0.440539 0.027157 0.105425
3 0.336724 0.382451 0.057337 0.043007
3 0.475294 0.449510 0.085098 0.125196
3 0.429510 0.384077 0.028595 0.022565
3 0.541650 0.382982 0.034020 0.043578
3 0.411806 0.462288 0.039265 0.032255
3 0.394011 0.368578 0.023644 0.027647
8 0.174755 0.897410 0.303203 0.155866
8 0.495507 0.861797 0.321340 0.235948
8 0.368072 0.628415 0.440425 0.116536
8 0.448848 0.425229 0.135833 0.069575
3 0.492549 0.370964 0.028399 0.028399
3 0.564085 0.727141 0.056471 0.052647
5 0.231683 0.761324 0.064706 0.071863
5 0.540490 0.431389 0.096471 0.105392
