2 0.565948 0.717234 0.109271 0.028500
2 0.524500 0.687828 0.056208 0.052938
2 0.611479 0.583945 0.047208 0.030766
2 0.617437 0.659969 0.051417 0.052594
2 0.495115 0.787195 0.123354 0.079672
2 0.521240 0.816477 0.127812 0.063578
2 0.553875 0.857945 0.137917 0.071953
2 0.582052 0.893648 0.143313 0.088484
2 0.609573 0.932492 0.160104 0.077953
2 0.560875 0.574594 0.057542 0.063813
2 0.449406 0.936367 0.160979 0.095422
2 0.419354 0.883875 0.157958 0.091406
2 0.398896 0.838352 0.144667 0.069047
2 0.385896 0.802102 0.125458 0.076641
2 0.265458 0.823555 0.131833 0.070828
2 0.673208 0.625492 0.048250 0.043422
2 0.461833 0.964266 0.185042 0.071469
3 0.215646 0.366172 0.208708 0.251781
2 0.421875 0.773438 0.735417 0.450000
