3 0.903016 0.833560 0.191062 0.310960
3 0.607078 0.176803 0.105187 0.202693
3 0.389844 0.165504 0.156781 0.146885
3 0.049070 0.592190 0.097922 0.247611
1 0.414734 0.842342 0.162281 0.128384
1 0.701477 0.449040 0.056172 0.059578
14 0.289266 0.417787 0.181812 0.324333
14 0.650789 0.503384 0.249078 0.233747
15 0.172875 0.699461 0.089219 0.069274
1 0.449922 0.411874 0.101000 0.063091
1 0.657312 0.454649 0.055469 0.041101
3 0.026984 0.848314 0.053969 0.280890
5 0.392109 0.201253 0.153906 0.156604
8 0.433297 0.617002 0.836594 0.743841
3 0.691328 0.274215 0.077844 0.208150
4 0.844750 0.332447 0.310500 0.400211
