3 0.397641 0.811205 0.182563 0.235941
6 0.757289 0.705053 0.115984 0.078478
3 0.155781 0.807304 0.174344 0.227336
3 0.863492 0.836068 0.208672 0.227696
3 0.466852 0.599789 0.024797 0.049345
3 0.064516 0.613732 0.032313 0.058668
3 0.119586 0.634588 0.036953 0.077378
3 0.615578 0.608732 0.021219 0.028245
6 0.843594 0.706364 0.098125 0.059662
6 0.664555 0.638478 0.044391 0.027611
6 0.900594 0.640698 0.056875 0.033023
6 0.754719 0.657178 0.060094 0.038034
6 0.481250 0.697526 0.098969 0.054630
6 0.470000 0.636913 0.042469 0.025877
