8 0.501266 0.366562 0.997469 0.309000
2 0.454992 0.317135 0.098266 0.072271
2 0.448555 0.278031 0.119672 0.078146
2 0.248313 0.300750 0.143250 0.074917
2 0.292344 0.326771 0.145687 0.093583
2 0.369648 0.356885 0.154984 0.041396
2 0.531414 0.308740 0.061391 0.073896
2 0.603938 0.320104 0.102125 0.047750
2 0.634008 0.311167 0.097391 0.081750
2 0.357609 0.297500 0.078281 0.081958
2 0.337867 0.251885 0.076297 0.038146
3 0.374148 0.116729 0.431953 0.232750
3 0.084594 0.122323 0.102500 0.240771
3 0.019570 0.163802 0.036922 0.147687
2 0.561813 0.350552 0.236781 0.054646
2 0.191062 0.351802 0.065719 0.044979
