2 0.450188 0.835588 0.104688 0.189200
2 0.358891 0.807118 0.076656 0.163271
2 0.251266 0.916659 0.110688 0.144141
2 0.298125 0.907153 0.089281 0.185694
2 0.211422 0.795965 0.101250 0.134518
2 0.332773 0.862106 0.093797 0.186094
2 0.293219 0.731424 0.084406 0.113671
2 0.167875 0.836706 0.091031 0.128094
2 0.325484 0.686176 0.090156 0.087976
2 0.137414 0.734012 0.069672 0.097059
2 0.202531 0.672694 0.066469 0.108024
2 0.172664 0.716694 0.060203 0.092353
2 0.281977 0.607341 0.062828 0.093506
2 0.251563 0.772941 0.503125 0.449412
