13 0.210781 0.172125 0.204844 0.228000
14 0.511828 0.497750 0.091219 0.090083
14 0.341297 0.602719 0.180250 0.174604
14 0.695500 0.588510 0.133750 0.169771
14 0.708469 0.399500 0.064094 0.061667
14 0.831969 0.404250 0.065938 0.062000
14 0.838469 0.389698 0.039813 0.053937
14 0.121641 0.547646 0.165688 0.146583
3 0.081219 0.825094 0.161781 0.327104
3 0.264609 0.791010 0.232594 0.274146
3 0.497195 0.847187 0.242703 0.305625
3 0.879750 0.694312 0.194219 0.288042
3 0.695352 0.516615 0.111516 0.058104
3 0.077641 0.427833 0.076250 0.056375
3 0.052250 0.410448 0.070656 0.094188
3 0.386227 0.409667 0.072641 0.070500
3 0.416078 0.355583 0.046969 0.043167
3 0.478492 0.440833 0.080922 0.119125
13 0.155258 0.531188 0.099766 0.116417
13 0.370992 0.582365 0.122828 0.134521
14 0.638813 0.366583 0.050906 0.043250
14 0.737750 0.376052 0.061437 0.046812
3 0.563500 0.491146 0.054375 0.061250
3 0.395445 0.464021 0.097516 0.055417
13 0.710102 0.393604 0.062359 0.053708
13 0.307805 0.465948 0.083078 0.079438
13 0.514250 0.501927 0.089875 0.089312
13 0.635672 0.366417 0.044562 0.039208
13 0.734070 0.376312 0.050422 0.045667
13 0.811023 0.400125 0.021109 0.052792
13 0.653734 0.574875 0.055688 0.143750
14 0.326102 0.467594 0.119047 0.083437
3 0.827266 0.810958 0.258469 0.378083
13 0.597047 0.383729 0.051750 0.045458
14 0.594039 0.385854 0.056922 0.053792
3 0.472656 0.484375 0.939063 0.264583
