5 0.825250 0.376000 0.075380 0.102827
3 0.828850 0.562453 0.162140 0.290293
3 0.628420 0.482053 0.160600 0.128107
3 0.043450 0.492707 0.086900 0.180240
3 0.958850 0.394240 0.082300 0.112267
3 0.900000 0.720427 0.200000 0.533333
8 0.773830 0.452360 0.414700 0.094107
8 0.706770 0.613093 0.234700 0.195307
8 0.046760 0.377067 0.090000 0.061173
0 0.419220 0.551880 0.102600 0.056613
3 0.618710 0.396640 0.066380 0.053547
3 0.914330 0.369667 0.102820 0.038213
3 0.017980 0.350067 0.035960 0.032880
3 0.702670 0.377707 0.084540 0.045173
3 0.056500 0.649347 0.105200 0.197413
3 0.031790 0.388187 0.063580 0.044107
3 0.878220 0.438187 0.089560 0.114880
8 0.908540 0.369173 0.101880 0.025653
