3 0.657633 0.386656 0.053641 0.048104
3 0.837625 0.389552 0.056688 0.048562
3 0.694578 0.308406 0.057094 0.041854
3 0.761750 0.307312 0.038625 0.037042
3 0.713313 0.276906 0.060500 0.034854
3 0.540086 0.328198 0.055547 0.100437
3 0.949391 0.110844 0.048375 0.028063
3 0.530258 0.151146 0.300266 0.116375
3 0.870867 0.309417 0.052359 0.037167
3 0.500398 0.105729 0.046891 0.025333
3 0.115813 0.322062 0.054875 0.106708
3 0.715250 0.388437 0.050531 0.044458
3 0.416375 0.228177 0.047844 0.037937
3 0.500000 0.257292 0.996875 0.368750
