13 0.926586 0.282792 0.104016 0.158248
13 0.051813 0.297383 0.095344 0.194206
5 0.382227 0.323879 0.058984 0.151075
3 0.395414 0.806449 0.146328 0.338692
3 0.416109 0.639825 0.134344 0.167967
3 0.408922 0.537769 0.070094 0.072360
3 0.823539 0.846063 0.129234 0.285397
3 0.488008 0.931297 0.225922 0.108107
3 0.925461 0.722348 0.147797 0.317874
3 0.815000 0.648026 0.104594 0.263341
3 0.582164 0.449918 0.027672 0.058902
3 0.752477 0.608563 0.045797 0.227921
3 0.120594 0.729603 0.117687 0.302850
8 0.595867 0.844942 0.428297 0.283154
8 0.880516 0.563411 0.192344 0.071402
8 0.795602 0.513949 0.100109 0.034206
8 0.737023 0.479182 0.110047 0.043224
8 0.491664 0.630035 0.149422 0.155818
8 0.508320 0.504206 0.095703 0.057617
8 0.275898 0.523528 0.470234 0.152477
8 0.700187 0.453855 0.063875 0.017430
3 0.623594 0.659743 0.125063 0.119486
5 0.616727 0.323376 0.059734 0.143808
8 0.961719 0.648879 0.076563 0.084112
3 0.588445 0.535222 0.070766 0.072126
3 0.453906 0.579439 0.573438 0.341121
