3 0.393297 0.472910 0.009469 0.008998
3 0.599711 0.419181 0.011109 0.014303
3 0.653836 0.441687 0.011953 0.009046
13 0.508648 0.139939 0.269422 0.279731
3 0.218336 0.429401 0.009141 0.006626
3 0.527344 0.471394 0.008875 0.011443
3 0.555766 0.493888 0.010125 0.008704
3 0.546898 0.472494 0.007828 0.009046
3 0.575758 0.441064 0.009203 0.007506
3 0.613859 0.442176 0.009219 0.012714
3 0.525297 0.510122 0.010562 0.009731
3 0.810609 0.488056 0.011281 0.015134
3 0.887180 0.467176 0.009984 0.007066
3 0.862672 0.445183 0.010000 0.008068
3 0.548438 0.464548 0.787500 0.200489
