3 0.520680 0.637389 0.091672 0.322084
3 0.133328 0.560761 0.110781 0.137869
3 0.041039 0.589766 0.080578 0.197564
3 0.686969 0.843981 0.293781 0.200141
3 0.348141 0.571628 0.079656 0.171030
3 0.434203 0.642927 0.084812 0.312974
3 0.298438 0.799215 0.219906 0.378946
3 0.626625 0.659672 0.036094 0.196206
3 0.697852 0.677014 0.142109 0.165925
8 0.830227 0.760129 0.338109 0.333326
3 0.094523 0.799532 0.184422 0.400937
3 0.156461 0.697447 0.171703 0.220984
5 0.376617 0.469485 0.035016 0.065902
8 0.184703 0.736803 0.353656 0.244895
3 0.250375 0.557073 0.089438 0.137190
3 0.323836 0.689824 0.157734 0.184052
3 0.500000 0.759953 0.996875 0.419204
