8 0.264875 0.672471 0.314875 0.179765
8 0.357281 0.568800 0.188437 0.054588
8 0.738672 0.724718 0.313375 0.119082
8 0.652102 0.576576 0.185453 0.058565
3 0.890148 0.913482 0.153703 0.173035
3 0.208172 0.940447 0.159688 0.092141
3 0.246227 0.910106 0.196984 0.157294
3 0.082727 0.922965 0.137297 0.154071
3 0.390383 0.767647 0.096953 0.295106
3 0.602391 0.600459 0.056719 0.159600
3 0.116617 0.830188 0.120328 0.067106
3 0.270852 0.639765 0.088047 0.053929
3 0.353641 0.541788 0.059844 0.019200
3 0.779945 0.967776 0.172328 0.042518
3 0.727945 0.652341 0.086172 0.038047
3 0.717039 0.903365 0.174609 0.170776
3 0.835641 0.854729 0.120562 0.188329
3 0.596094 0.725882 0.382812 0.421176
