3 0.466281 0.094021 0.066500 0.068000
3 0.751125 0.166396 0.062125 0.088625
3 0.815164 0.152948 0.063859 0.057479
3 0.851469 0.213167 0.076063 0.062583
3 0.892359 0.166240 0.081469 0.085479
3 0.922047 0.214062 0.075406 0.061833
3 0.431773 0.199063 0.064578 0.053000
3 0.964383 0.169615 0.055047 0.023479
3 0.978812 0.211625 0.042375 0.061292
3 0.255445 0.134010 0.069734 0.044188
3 0.772414 0.215000 0.082797 0.070125
3 0.588031 0.213208 0.080500 0.067167
3 0.485633 0.153448 0.077141 0.063979
3 0.491406 0.130208 0.982812 0.260417
