3 0.177844 0.832615 0.355687 0.309021
3 0.759680 0.491396 0.064516 0.109667
3 0.370188 0.507802 0.171844 0.115646
3 0.494641 0.877083 0.282656 0.212000
3 0.213711 0.418281 0.217734 0.040854
3 0.224398 0.394656 0.184859 0.032479
8 0.740500 0.605698 0.519000 0.114021
8 0.287648 0.517052 0.564703 0.397646
8 0.214672 0.449240 0.373312 0.045062
3 0.403281 0.411625 0.090312 0.063250
8 0.646891 0.463521 0.247938 0.071208
3 0.839937 0.846760 0.320125 0.280521
3 0.091805 0.523865 0.182922 0.090271
5 0.875586 0.342792 0.196891 0.400625
8 0.636719 0.524750 0.265625 0.083333
8 0.228703 0.500833 0.450000 0.133333
