3 0.534164 0.119771 0.029766 0.035417
3 0.360227 0.092563 0.029547 0.019250
3 0.239586 0.034292 0.032047 0.022125
3 0.329289 0.092427 0.028234 0.019688
3 0.410930 0.114062 0.030672 0.024125
3 0.450734 0.094094 0.026625 0.021562
3 0.575688 0.158177 0.033594 0.032104
3 0.850977 0.117792 0.032609 0.031292
3 0.879586 0.113750 0.031547 0.024208
3 0.401594 0.140615 0.030031 0.032771
3 0.431937 0.133865 0.029781 0.020188
3 0.449727 0.153688 0.030359 0.022375
3 0.484039 0.158500 0.035422 0.031500
3 0.500000 0.109375 0.996875 0.218750
