13 0.398469 0.293125 0.057063 0.148250
3 0.248023 0.562135 0.193109 0.344438
8 0.330109 0.403292 0.181344 0.220667
13 0.279141 0.257354 0.015500 0.100292
3 0.897867 0.359687 0.083734 0.157625
3 0.803195 0.418229 0.109172 0.227583
3 0.718539 0.401625 0.080328 0.231333
3 0.613484 0.694385 0.171906 0.386521
16 0.700328 0.581156 0.037125 0.032396
16 0.551805 0.910156 0.051047 0.058937
3 0.975367 0.520729 0.049266 0.270500
3 0.045891 0.891302 0.091781 0.217396
15 0.274125 0.373708 0.017125 0.013000
13 0.332430 0.259708 0.034734 0.104042
16 0.560492 0.895344 0.045922 0.048063
15 0.276008 0.336406 0.015516 0.011896
16 0.749477 0.675906 0.044953 0.034396
3 0.378891 0.779219 0.126625 0.436354
