8 0.122086 0.724813 0.196766 0.248725
8 0.168680 0.516313 0.061578 0.018725
3 0.190609 0.711325 0.118719 0.276200
3 0.059430 0.712750 0.118859 0.263450
3 0.364953 0.576188 0.067469 0.136825
3 0.434375 0.563387 0.061687 0.109675
3 0.139320 0.557762 0.074047 0.100825
3 0.209125 0.558300 0.068969 0.096150
3 0.037234 0.538300 0.053031 0.089750
3 0.219227 0.497225 0.034859 0.027900
3 0.522406 0.534925 0.046594 0.089450
3 0.287813 0.540350 0.024188 0.104550
3 0.088891 0.548563 0.056063 0.121325
3 0.457867 0.537825 0.021328 0.097600
5 0.403289 0.736138 0.255516 0.337725
5 0.548375 0.610250 0.182031 0.334850
8 0.062898 0.517625 0.022734 0.024600
8 0.652328 0.882850 0.321313 0.234300
8 0.398266 0.524475 0.021969 0.012700
3 0.257930 0.563738 0.036609 0.136325
3 0.242969 0.496250 0.410938 0.067500
