13 0.459000 0.077427 0.120188 0.105063
8 0.500000 0.696813 1.000000 0.576833
3 0.281266 0.417094 0.072469 0.076396
3 0.299883 0.410729 0.063297 0.081625
8 0.166867 0.401615 0.145953 0.033188
3 0.064656 0.572177 0.127188 0.330146
3 0.142148 0.528833 0.100047 0.261375
3 0.227773 0.486552 0.066234 0.205271
3 0.285250 0.441146 0.072906 0.113583
3 0.348695 0.408375 0.046922 0.089292
8 0.028563 0.445188 0.057125 0.044458
8 0.100859 0.423406 0.069156 0.027438
8 0.274359 0.383677 0.044312 0.017521
8 0.337586 0.383396 0.021203 0.015833
