13 0.764344 0.178062 0.123438 0.134833
3 0.259742 0.496688 0.084578 0.130042
3 0.187578 0.686563 0.109750 0.146333
8 0.382062 0.881771 0.213531 0.185875
16 0.660484 0.442615 0.008594 0.011729
3 0.165961 0.789906 0.114703 0.171854
3 0.078563 0.924354 0.105156 0.151292
3 0.054148 0.811823 0.105172 0.127979
16 0.408516 0.346177 0.008250 0.007938
16 0.674711 0.216490 0.012234 0.012563
3 0.615055 0.940073 0.117953 0.119854
3 0.202789 0.912969 0.179922 0.162812
8 0.744914 0.242219 0.182203 0.259188
16 0.671438 0.228771 0.005812 0.016708
