3 0.322820 0.595609 0.089047 0.322037
3 0.360922 0.366487 0.078906 0.211991
3 0.240469 0.560773 0.020281 0.105433
3 0.980813 0.849742 0.038375 0.148571
3 0.459281 0.309344 0.026406 0.155129
8 0.590383 0.716136 0.810266 0.544028
8 0.040438 0.372108 0.080875 0.166089
3 0.084437 0.807283 0.064531 0.385433
3 0.481219 0.292424 0.022969 0.137213
8 0.333766 0.325867 0.174687 0.138618
8 0.021664 0.684415 0.039859 0.262319
8 0.406711 0.241792 0.152047 0.037073
8 0.522648 0.246066 0.059016 0.019532
8 0.560680 0.302482 0.041391 0.071663
8 0.553070 0.264438 0.055203 0.021850
