3 0.766867 0.913479 0.101172 0.169167
3 0.593828 0.722740 0.044031 0.039438
3 0.838609 0.895000 0.135063 0.210000
3 0.556867 0.935448 0.109234 0.129104
3 0.540320 0.723792 0.038703 0.066667
3 0.672102 0.685844 0.079953 0.061979
3 0.690414 0.693583 0.046141 0.029458
3 0.594437 0.701458 0.042625 0.087000
3 0.128453 0.815490 0.041000 0.084479
3 0.727648 0.676042 0.034609 0.036417
3 0.834047 0.811604 0.101437 0.078958
8 0.250344 0.907177 0.285125 0.185646
8 0.490453 0.857750 0.276406 0.143833
8 0.709547 0.746000 0.231188 0.089292
8 0.573477 0.656083 0.084922 0.042292
8 0.437523 0.716313 0.073359 0.101708
8 0.592492 0.676562 0.083547 0.067417
8 0.214914 0.756510 0.250828 0.127812
3 0.627805 0.718750 0.032578 0.018958
8 0.794664 0.701948 0.149516 0.095896
8 0.589594 0.795469 0.112437 0.083604
3 0.453078 0.757771 0.028875 0.060958
8 0.072078 0.942865 0.136375 0.088313
8 0.581836 0.774188 0.160547 0.111000
8 0.407031 0.611458 0.292187 0.060417
