3 0.563516 0.729722 0.103375 0.092361
3 0.465398 0.696875 0.081609 0.075069
1 0.533062 0.892517 0.105406 0.151215
1 0.374656 0.723594 0.075844 0.085382
1 0.441531 0.778837 0.099531 0.108229
1 0.384523 0.882205 0.078641 0.146840
1 0.327711 0.797656 0.068828 0.112951
1 0.135531 0.648247 0.086813 0.087049
8 0.339781 0.766285 0.576406 0.467431
3 0.292352 0.578767 0.056578 0.132326
3 0.369258 0.645295 0.081547 0.076910
3 0.054297 0.880729 0.108594 0.170903
3 0.063461 0.960382 0.126141 0.079236
3 0.312891 0.553993 0.076875 0.190972
3 0.829289 0.928559 0.071297 0.106493
3 0.742078 0.808819 0.190781 0.382153
5 0.014422 0.692795 0.028844 0.150243
1 0.287727 0.680712 0.087547 0.071771
