3 0.155650 0.261683 0.048150 0.044767
3 0.225513 0.260975 0.042075 0.042083
3 0.295137 0.259642 0.099975 0.049550
3 0.353050 0.260908 0.045250 0.040217
3 0.425600 0.260400 0.100600 0.044200
3 0.482588 0.263242 0.044075 0.038383
3 0.095488 0.258833 0.107975 0.051833
3 0.550763 0.261275 0.097825 0.042117
3 0.676100 0.264208 0.090800 0.042817
3 0.732100 0.267383 0.047950 0.035533
3 0.955825 0.270333 0.082100 0.054733
3 0.385575 0.096800 0.096750 0.043700
3 0.741575 0.106325 0.066100 0.040817
3 0.500000 0.163333 0.995000 0.326667
