3 0.247742 0.146710 0.070328 0.194684
3 0.321234 0.142822 0.093875 0.194918
3 0.406789 0.139977 0.078609 0.117190
3 0.557891 0.171030 0.062500 0.144122
2 0.148539 0.327213 0.057703 0.066230
2 0.212227 0.312576 0.058984 0.070117
2 0.017336 0.384438 0.032859 0.026159
2 0.056414 0.382178 0.043172 0.043138
2 0.116734 0.329836 0.015625 0.036628
3 0.177313 0.192845 0.027813 0.151920
3 0.456211 0.166382 0.021484 0.091827
8 0.086859 0.124075 0.133656 0.068712
8 0.484258 0.111616 0.091016 0.069368
2 0.088805 0.366499 0.046359 0.047377
2 0.075484 0.331944 0.038469 0.024496
3 0.367602 0.183185 0.121328 0.095831
3 0.182023 0.175468 0.139297 0.184098
3 0.083008 0.261054 0.086203 0.149649
3 0.036187 0.193009 0.020313 0.050187
3 0.120078 0.225831 0.085250 0.088197
2 0.041109 0.363794 0.038562 0.024356
2 0.077383 0.344438 0.034141 0.028548
