3 0.500461 0.541542 0.406422 0.078250
3 0.963859 0.591844 0.072281 0.278062
3 0.027539 0.579146 0.054328 0.353792
3 0.066695 0.433490 0.107359 0.100312
3 0.822953 0.447240 0.039156 0.116104
8 0.883156 0.441729 0.111375 0.161208
3 0.984570 0.381823 0.028828 0.097229
3 0.080555 0.554688 0.138609 0.345792
3 0.750016 0.505469 0.155812 0.294063
3 0.341867 0.485437 0.089109 0.061208
3 0.324703 0.410427 0.030625 0.098771
8 0.153898 0.426771 0.047547 0.020875
8 0.679547 0.412167 0.046875 0.031250
3 0.369344 0.365292 0.023563 0.026125
3 0.963516 0.493271 0.072969 0.308708
3 0.481250 0.662500 0.962500 0.658333
