0 0.706641 0.665903 0.143281 0.134872
0 0.248367 0.341446 0.184484 0.057907
0 0.278047 0.451310 0.059344 0.157316
0 0.563797 0.707867 0.217594 0.112348
0 0.419820 0.640447 0.035172 0.112364
0 0.234820 0.346717 0.130516 0.163083
0 0.569469 0.147492 0.131375 0.159425
0 0.679906 0.789361 0.134906 0.145751
8 0.500000 0.496621 1.000000 0.981997
0 0.523672 0.756917 0.130156 0.044026
0 0.701195 0.827276 0.182922 0.142859
0 0.763469 0.330335 0.041906 0.085687
0 0.696656 0.723826 0.042063 0.035639
0 0.717008 0.225120 0.149578 0.121454
