2 0.353445 0.886521 0.093172 0.062500
2 0.317563 0.861812 0.088969 0.050500
2 0.687664 0.530167 0.018078 0.021583
2 0.430031 0.761813 0.067469 0.048875
2 0.217063 0.812969 0.084781 0.043438
2 0.225898 0.840010 0.081797 0.048396
2 0.295187 0.804229 0.076594 0.049542
2 0.504117 0.761042 0.073109 0.042500
2 0.414266 0.850906 0.094156 0.035062
2 0.393531 0.832094 0.083094 0.058896
2 0.361867 0.778156 0.067078 0.047854
2 0.443219 0.885188 0.088594 0.059833
2 0.455523 0.829708 0.061172 0.066083
3 0.576383 0.285594 0.059734 0.140854
2 0.461719 0.706250 0.629687 0.400000
