3 0.725242 0.488974 0.104266 0.220093
3 0.491844 0.546946 0.176375 0.263124
3 0.873164 0.441970 0.095391 0.190979
3 0.922039 0.578846 0.155922 0.224126
8 0.616969 0.803555 0.766062 0.389254
8 0.581867 0.448450 0.181547 0.032284
8 0.804359 0.391387 0.132406 0.033497
8 0.935641 0.464942 0.128719 0.046573
3 0.813227 0.610361 0.234797 0.166597
3 0.579781 0.507459 0.153219 0.238462
3 0.965969 0.406340 0.030000 0.079068
3 0.233016 0.655746 0.131937 0.249580
3 0.977984 0.344674 0.029031 0.020676
8 0.932070 0.361713 0.119984 0.025571
8 0.198937 0.548333 0.026438 0.036154
1 0.875758 0.843730 0.114922 0.109091
