3 0.414320 0.480599 0.049516 0.124202
3 0.438953 0.422523 0.023719 0.093920
3 0.426219 0.449014 0.028781 0.090986
3 0.270984 0.421596 0.025531 0.112347
3 0.951148 0.871549 0.097703 0.255681
3 0.283109 0.597570 0.105219 0.301995
8 0.564664 0.708392 0.791266 0.583216
1 0.413648 0.716033 0.077328 0.066479
3 0.701211 0.447723 0.024922 0.031596
3 0.294320 0.396256 0.027891 0.063545
3 0.171266 0.416749 0.042562 0.085235
3 0.577719 0.418087 0.015094 0.035094
3 0.193508 0.439730 0.041234 0.094343
3 0.642188 0.429577 0.046875 0.037559
