3 0.720434 0.548156 0.251854 0.063000
3 0.861092 0.511836 0.236596 0.089984
3 0.771420 0.434828 0.205939 0.051687
3 0.800305 0.333469 0.200376 0.045719
3 0.568439 0.440875 0.202793 0.048906
3 0.680927 0.398859 0.196080 0.048344
3 0.660622 0.314937 0.185610 0.066531
3 0.940775 0.437828 0.118451 0.055500
3 0.601256 0.340039 0.205329 0.053828
3 0.955411 0.339148 0.089178 0.051453
3 0.892406 0.399313 0.206502 0.060656
3 0.920927 0.551711 0.158146 0.060578
3 0.628627 0.508523 0.210352 0.062328
3 0.744131 0.382031 0.507042 0.389062
