0 0.503531 0.758828 0.072146 0.383531
0 0.656635 0.627258 0.096229 0.330891
0 0.296708 0.689352 0.185500 0.247078
0 0.583531 0.657648 0.062729 0.209422
0 0.512500 0.184398 0.066667 0.041891
0 0.547604 0.190234 0.080250 0.038781
0 0.442354 0.677648 0.087833 0.230578
0 0.704562 0.188555 0.039250 0.035109
0 0.571208 0.706578 0.084500 0.258219
0 0.392833 0.646664 0.074000 0.095391
0 0.467760 0.183391 0.091104 0.036812
0 0.581969 0.188320 0.051813 0.036516
0 0.657677 0.189422 0.043396 0.042812
0 0.444792 0.128125 0.631250 0.159375
