3 0.061797 0.885775 0.121375 0.180376
3 0.261133 0.501502 0.087422 0.145211
3 0.515711 0.934683 0.188891 0.105845
3 0.564063 0.861854 0.107844 0.116103
3 0.550836 0.759824 0.132172 0.132042
3 0.596664 0.675681 0.113922 0.078826
3 0.304984 0.640927 0.098125 0.083638
3 0.218211 0.627031 0.088453 0.077582
3 0.837094 0.799988 0.106000 0.086643
3 0.946938 0.721479 0.106125 0.118685
3 0.344586 0.919131 0.172234 0.159390
3 0.146680 0.695599 0.067141 0.085657
3 0.426461 0.534073 0.022141 0.033826
3 0.500000 0.786385 0.996875 0.422535
