8 0.962055 0.430271 0.075891 0.105083
8 0.503086 0.539323 0.412922 0.476396
3 0.142117 0.963729 0.284234 0.072542
3 0.130281 0.826854 0.258875 0.214208
3 0.518133 0.424646 0.121109 0.190625
3 0.467375 0.334354 0.090094 0.087167
3 0.774047 0.448354 0.067844 0.128333
3 0.171547 0.327677 0.092719 0.085229
3 0.607273 0.387865 0.047359 0.180979
3 0.894148 0.686844 0.211703 0.290854
3 0.800477 0.648948 0.060641 0.286479
8 0.623430 0.875323 0.656984 0.246062
3 0.035656 0.438104 0.071313 0.110792
3 0.358563 0.271323 0.140969 0.111146
3 0.037625 0.550208 0.064156 0.119042
