3 0.270320 0.866550 0.415093 0.266900
2 0.750453 0.669490 0.156213 0.071020
2 0.633573 0.673690 0.073653 0.043660
2 0.804520 0.629360 0.069627 0.036000
2 0.911507 0.629240 0.146587 0.066920
2 0.853120 0.744560 0.197173 0.102360
2 0.560253 0.563900 0.117200 0.051680
2 0.717880 0.513290 0.108773 0.048420
2 0.870413 0.562040 0.134107 0.059840
2 0.726907 0.595140 0.140427 0.065320
2 0.952493 0.538420 0.095013 0.050480
2 0.877627 0.518000 0.117013 0.045160
2 0.678240 0.559490 0.057653 0.027100
2 0.641893 0.710600 0.076747 0.035200
