3 0.900328 0.727400 0.067469 0.224731
3 0.079648 0.707927 0.045766 0.114309
3 0.910195 0.909087 0.069234 0.181827
3 0.899695 0.611956 0.065453 0.100023
8 0.353086 0.790632 0.703172 0.395504
1 0.120695 0.891768 0.238391 0.152810
1 0.333047 0.761335 0.141125 0.060609
1 0.494633 0.827986 0.097922 0.080047
1 0.480930 0.588923 0.035734 0.054848
1 0.224797 0.624918 0.055937 0.027026
4 0.939914 0.635960 0.120172 0.274169
5 0.062109 0.442529 0.017750 0.033115
1 0.633500 0.716979 0.055063 0.039532
3 0.945391 0.580585 0.109219 0.174614
1 0.533516 0.782869 0.057219 0.041944
