3 0.759770 0.493560 0.040580 0.221307
3 0.895790 0.951693 0.203940 0.074160
3 0.781660 0.492160 0.038800 0.250133
14 0.641210 0.570760 0.275340 0.224613
15 0.262620 0.620413 0.067360 0.038320
3 0.182380 0.448293 0.062120 0.105173
8 0.462640 0.731467 0.830880 0.312373
14 0.339600 0.511240 0.176960 0.159547
15 0.356800 0.414893 0.020160 0.017840
15 0.373370 0.469187 0.039180 0.020773
14 0.373870 0.396533 0.105460 0.143573
14 0.455080 0.374440 0.103920 0.103920
14 0.412210 0.437293 0.038500 0.092987
14 0.540500 0.389920 0.102000 0.125120
3 0.112990 0.858440 0.218180 0.283120
