3 0.278148 0.491406 0.081828 0.070396
3 0.207898 0.516417 0.080641 0.113958
3 0.321047 0.385875 0.085625 0.070417
3 0.400219 0.391917 0.085719 0.076208
3 0.349648 0.341135 0.075641 0.028896
3 0.270359 0.345969 0.082844 0.030896
3 0.189047 0.362479 0.076469 0.059375
3 0.275078 0.422969 0.084437 0.067979
3 0.360516 0.476583 0.082594 0.067333
3 0.673773 0.132365 0.072703 0.040479
3 0.070578 0.380531 0.080469 0.036479
3 0.016516 0.383906 0.033031 0.032813
3 0.153375 0.378323 0.081187 0.033021
3 0.478906 0.380208 0.954688 0.760417
