3 0.266633 0.898844 0.070922 0.128938
3 0.340336 0.043250 0.036203 0.044250
3 0.306578 0.049958 0.034563 0.043125
3 0.119539 0.062813 0.035078 0.043583
3 0.481164 0.030927 0.037703 0.041854
3 0.447398 0.029687 0.034172 0.031500
3 0.628945 0.019469 0.031734 0.036437
3 0.656703 0.012083 0.034031 0.022417
3 0.687484 0.017250 0.030594 0.033167
3 0.088180 0.062740 0.038922 0.034354
3 0.051570 0.075063 0.037672 0.047458
3 0.010305 0.012510 0.020609 0.025021
3 0.039727 0.013688 0.034391 0.025833
3 0.412500 0.048958 0.815625 0.093750
