3 0.563940 0.877177 0.058120 0.223724
3 0.765470 0.725150 0.065540 0.190480
14 0.806750 0.919625 0.227100 0.160751
14 0.137300 0.862222 0.244480 0.191832
14 0.478450 0.626727 0.166700 0.194294
3 0.480080 0.859369 0.135280 0.281261
14 0.656350 0.611051 0.024060 0.045766
3 0.645190 0.850255 0.152620 0.125015
3 0.510900 0.533814 0.039640 0.082102
3 0.964030 0.926441 0.069500 0.147117
14 0.052240 0.775781 0.104480 0.067898
14 0.735700 0.626742 0.105400 0.058288
14 0.016450 0.643408 0.032900 0.063514
