8 0.528789 0.897942 0.491859 0.204116
8 0.114953 0.359420 0.215969 0.223536
8 0.204430 0.216280 0.076422 0.079894
3 0.151039 0.766293 0.161016 0.467414
3 0.367289 0.404499 0.050578 0.283140
3 0.026867 0.613456 0.050078 0.534881
3 0.943141 0.810119 0.113719 0.348311
3 0.966523 0.376900 0.046047 0.152427
3 0.343266 0.254683 0.049125 0.178602
3 0.309422 0.258100 0.034406 0.094565
3 0.125375 0.499512 0.123375 0.307203
3 0.306922 0.198430 0.022969 0.076016
3 0.116813 0.188496 0.036219 0.115620
3 0.088633 0.165040 0.030016 0.080211
3 0.315969 0.152190 0.022562 0.038892
3 0.775398 0.192850 0.029234 0.067335
8 0.584844 0.373839 0.213844 0.230211
8 0.533766 0.665607 0.434656 0.471055
3 0.232813 0.559367 0.300000 0.812665
