3 0.851870 0.334613 0.088620 0.063627
3 0.867940 0.159573 0.091320 0.130880
3 0.178040 0.294640 0.057440 0.061280
3 0.053510 0.306027 0.104540 0.083893
3 0.726040 0.288853 0.102160 0.077760
3 0.790450 0.023600 0.114620 0.038187
3 0.910360 0.367867 0.075600 0.094880
3 0.760550 0.383747 0.061500 0.069573
3 0.849890 0.293253 0.140980 0.087733
3 0.742800 0.353133 0.075280 0.079707
3 0.679060 0.232733 0.054040 0.070000
3 0.981860 0.133720 0.036280 0.086267
3 0.959530 0.287467 0.080940 0.079040
3 0.395000 0.069333 0.522000 0.138667
