3 0.622188 0.361224 0.072656 0.062214
3 0.698547 0.362016 0.074438 0.057739
3 0.776945 0.360023 0.075078 0.050583
3 0.857242 0.360758 0.072453 0.051772
3 0.561242 0.361620 0.046641 0.055501
3 0.953820 0.314196 0.077516 0.103077
3 0.879109 0.291550 0.070500 0.056480
3 0.800875 0.313660 0.078187 0.098042
3 0.673312 0.232879 0.071969 0.053683
3 0.649023 0.313252 0.071609 0.094755
3 0.749781 0.256527 0.074750 0.108578
3 0.723234 0.314545 0.073438 0.097809
5 0.386609 0.149615 0.103781 0.118159
5 0.247312 0.173170 0.099031 0.131096
5 0.110914 0.151632 0.110391 0.140420
3 0.826336 0.219277 0.066391 0.040793
3 0.673438 0.370629 0.650000 0.475524
