3 0.474211 0.843044 0.215422 0.170398
3 0.737648 0.867412 0.233891 0.260679
3 0.647695 0.807857 0.119953 0.155059
3 0.441992 0.781112 0.185141 0.143677
3 0.256414 0.801276 0.073859 0.180913
3 0.306633 0.484227 0.065328 0.153419
3 0.192336 0.586206 0.085297 0.125714
3 0.368523 0.535925 0.094547 0.060468
8 0.509719 0.731768 0.595531 0.335574
8 0.407813 0.925843 0.806625 0.148314
0 0.615500 0.986323 0.028031 0.027354
0 0.641828 0.988888 0.013031 0.017916
3 0.262703 0.725422 0.105344 0.111171
8 0.785711 0.387869 0.090703 0.044028
8 0.290438 0.411850 0.064750 0.034192
0 0.669227 0.979415 0.018797 0.031756
0 0.682930 0.989239 0.017234 0.020820
3 0.252391 0.548126 0.065250 0.168759
3 0.364250 0.500187 0.036437 0.028056
3 0.805797 0.478536 0.092000 0.198384
8 0.023859 0.510340 0.047719 0.059555
3 0.860328 0.435211 0.040813 0.177541
