3 0.853203 0.319577 0.074313 0.156667
3 0.265625 0.208228 0.055750 0.048427
3 0.312383 0.225646 0.041172 0.085986
3 0.200898 0.208228 0.038422 0.054765
3 0.165234 0.150857 0.040000 0.038521
3 0.380758 0.206585 0.057891 0.058803
3 0.161984 0.113310 0.054062 0.042488
3 0.137586 0.203815 0.034672 0.046784
3 0.442172 0.250998 0.065844 0.045423
3 0.497445 0.249730 0.054766 0.049883
3 0.340648 0.384354 0.056672 0.090822
3 0.778398 0.309261 0.071578 0.151901
3 0.393750 0.255869 0.044875 0.043005
3 0.160938 0.158451 0.281250 0.241784
