5 0.640564 0.108366 0.195278 0.212451
5 0.313333 0.158276 0.089706 0.103905
5 0.803693 0.267549 0.024967 0.033660
3 0.448497 0.413309 0.171667 0.175964
3 0.950670 0.382786 0.098660 0.138088
3 0.919616 0.271626 0.054167 0.023219
3 0.800270 0.367426 0.111552 0.180539
3 0.768652 0.435123 0.050866 0.092565
3 0.206193 0.363578 0.035392 0.052386
3 0.843276 0.272296 0.053448 0.028284
3 0.254101 0.340008 0.044281 0.050670
8 0.084273 0.487639 0.168546 0.175278
8 0.500000 0.714812 1.000000 0.570376
3 0.968325 0.394714 0.063350 0.181291
8 0.514714 0.398350 0.135245 0.195654
8 0.837949 0.347761 0.278219 0.130523
