5 0.655945 0.642705 0.031484 0.044941
3 0.410352 0.858068 0.189391 0.253747
3 0.234086 0.637553 0.133141 0.216745
4 0.703055 0.619356 0.404609 0.215059
4 0.500031 0.771405 0.331437 0.279578
4 0.919367 0.778080 0.149859 0.339110
8 0.654352 0.707377 0.127891 0.133583
3 0.177000 0.739450 0.151844 0.169859
3 0.049570 0.632436 0.099141 0.193255
3 0.488109 0.547728 0.085125 0.129836
3 0.594125 0.507728 0.064406 0.057143
3 0.679391 0.568454 0.031031 0.066230
4 0.775867 0.805047 0.147297 0.252295
4 0.177523 0.920515 0.338953 0.158970
8 0.068383 0.798326 0.136766 0.177588
8 0.308719 0.911546 0.146375 0.176909
4 0.827773 0.551487 0.327797 0.151358
4 0.410898 0.861511 0.188891 0.276979
