13 0.439687 0.717948 0.087781 0.092396
13 0.918437 0.742906 0.106375 0.111104
13 0.824828 0.717375 0.072188 0.098583
13 0.249219 0.683021 0.027406 0.036542
3 0.699328 0.944260 0.222969 0.111479
3 0.643664 0.648677 0.070734 0.061062
3 0.847562 0.655177 0.077469 0.058479
13 0.985102 0.742385 0.029797 0.117146
13 0.387773 0.379469 0.165828 0.164771
3 0.249023 0.882823 0.166016 0.200521
3 0.051633 0.847823 0.103266 0.208563
3 0.107305 0.854031 0.052672 0.154354
13 0.631617 0.727729 0.084797 0.102250
14 0.174398 0.751583 0.072891 0.060417
14 0.915594 0.743510 0.104937 0.127271
