3 0.774547 0.453653 0.093719 0.360375
8 0.474930 0.672014 0.509078 0.625667
2 0.364359 0.589215 0.041813 0.042693
3 0.541102 0.251874 0.011547 0.040375
3 0.050039 0.806241 0.096453 0.387518
2 0.428141 0.667014 0.017938 0.024754
2 0.454281 0.660609 0.025938 0.035925
2 0.479562 0.672752 0.018438 0.034731
2 0.505812 0.675691 0.025688 0.026089
2 0.401297 0.652939 0.021281 0.029906
2 0.443266 0.568934 0.030219 0.038056
2 0.571984 0.593665 0.034344 0.033560
2 0.417453 0.699871 0.064187 0.054450
2 0.494258 0.783080 0.051547 0.075293
2 0.560922 0.742330 0.034437 0.048454
2 0.602836 0.597424 0.024484 0.029274
2 0.458281 0.604052 0.042969 0.034895
2 0.479687 0.597190 0.384375 0.440281
