3 0.751036 0.235380 0.073724 0.032960
3 0.906727 0.238310 0.082402 0.043460
3 0.973108 0.241190 0.045315 0.044260
3 0.884234 0.188680 0.103664 0.050840
3 0.960721 0.186550 0.078559 0.046940
3 0.807988 0.188760 0.110450 0.053560
3 0.743243 0.188710 0.082462 0.051900
3 0.744685 0.134960 0.071832 0.049000
3 0.816697 0.133230 0.084805 0.049820
3 0.518979 0.237350 0.077237 0.026860
3 0.674369 0.231410 0.070300 0.026300
3 0.826817 0.236500 0.077297 0.035800
3 0.595315 0.231270 0.067988 0.031700
3 0.513514 0.093000 0.966967 0.186000
