14 0.339750 0.695469 0.164625 0.183688
14 0.107648 0.789323 0.170203 0.195813
14 0.537445 0.589240 0.116641 0.138896
3 0.431320 0.894281 0.245922 0.210396
3 0.294711 0.590760 0.102609 0.062104
3 0.854711 0.742406 0.061391 0.269063
3 0.967727 0.828073 0.064547 0.299188
3 0.723883 0.834833 0.085953 0.307875
3 0.473039 0.841198 0.203141 0.284938
3 0.796227 0.807750 0.066891 0.325333
3 0.257937 0.541219 0.074250 0.045021
14 0.536664 0.589167 0.117359 0.140667
8 0.210609 0.506073 0.396000 0.073104
3 0.405062 0.521844 0.034687 0.058187
3 0.192297 0.568458 0.058406 0.075625
14 0.262219 0.443458 0.064125 0.035417
14 0.182227 0.486354 0.037391 0.045625
