8 0.229422 0.696639 0.458844 0.584278
2 0.544906 0.454583 0.170469 0.148833
3 0.939836 0.259694 0.092453 0.244056
3 0.062562 0.321347 0.112500 0.480917
3 0.443469 0.157278 0.073719 0.135944
3 0.471750 0.203319 0.028563 0.131972
3 0.941469 0.516972 0.116906 0.207833
3 0.849047 0.175736 0.090594 0.212417
3 0.917969 0.171736 0.060844 0.217806
3 0.986945 0.083681 0.026109 0.049083
3 0.742305 0.109028 0.086359 0.062944
3 0.741242 0.164500 0.145234 0.099833
8 0.046992 0.425403 0.065016 0.258917
8 0.787500 0.677375 0.425000 0.614806
3 0.250781 0.338889 0.420312 0.422222
