3 0.796602 0.258236 0.196484 0.298902
3 0.931305 0.287640 0.137391 0.224720
3 0.688930 0.169334 0.060453 0.193341
3 0.838656 0.167348 0.118656 0.123668
3 0.869211 0.105093 0.048203 0.029533
8 0.494422 0.611671 0.985844 0.743808
8 0.887000 0.308797 0.226000 0.343855
8 0.568570 0.169813 0.118953 0.186916
3 0.934453 0.549264 0.131094 0.512313
3 0.815195 0.097605 0.052484 0.031238
3 0.963250 0.131320 0.073500 0.067921
3 0.555375 0.104463 0.056844 0.090794
3 0.830258 0.332605 0.111203 0.236706
0 0.563703 0.756355 0.208562 0.359860
0 0.447414 0.709673 0.033047 0.035701
8 0.967211 0.139965 0.065578 0.044276
