2 0.426422 0.430562 0.024438 0.026417
2 0.515375 0.441241 0.023344 0.031569
2 0.497367 0.441323 0.019641 0.029016
2 0.483914 0.440585 0.011359 0.024262
2 0.557094 0.441803 0.021000 0.033958
2 0.591602 0.449672 0.015391 0.018735
2 0.493523 0.713817 0.023859 0.024965
2 0.455195 0.700890 0.026922 0.033770
2 0.545125 0.701393 0.024906 0.034824
2 0.501680 0.693876 0.021016 0.028876
2 0.450422 0.431885 0.026687 0.026862
2 0.579094 0.442119 0.013813 0.031171
2 0.312945 0.861382 0.021609 0.022108
2 0.527344 0.654567 0.504687 0.517564
