3 0.229610 0.494597 0.038500 0.024896
3 0.943580 0.474746 0.057240 0.026985
3 0.875310 0.475343 0.051020 0.030328
3 0.644460 0.420015 0.034760 0.015910
3 0.682110 0.389418 0.031300 0.010836
3 0.757650 0.423836 0.044500 0.019433
3 0.799570 0.466851 0.027300 0.023433
3 0.089520 0.496896 0.041360 0.019582
3 0.082230 0.547582 0.046700 0.031642
3 0.019360 0.549060 0.038720 0.036687
14 0.572770 0.624299 0.082060 0.080896
14 0.365980 0.837687 0.175960 0.186119
14 0.776580 0.661254 0.086680 0.085493
14 0.449410 0.613179 0.082140 0.048866
14 0.858120 0.416478 0.056160 0.051821
14 0.946960 0.413254 0.055640 0.046985
14 0.793730 0.373448 0.049820 0.049582
14 0.270650 0.570299 0.062460 0.054448
14 0.159320 0.493597 0.057080 0.039373
14 0.515640 0.448687 0.041120 0.044478
3 0.686180 0.422866 0.041040 0.015224
3 0.218820 0.453179 0.035000 0.015134
14 0.477600 0.411433 0.029800 0.034866
3 0.147090 0.550403 0.037820 0.032090
3 0.552000 0.547761 0.892000 0.552239
14 0.629000 0.453731 0.738000 0.226866
