8 0.500758 0.494371 0.998484 0.981981
0 0.599719 0.201107 0.021281 0.039184
0 0.557016 0.211900 0.022000 0.039510
0 0.518336 0.200513 0.020859 0.029790
0 0.502453 0.223531 0.018125 0.031678
0 0.284945 0.717226 0.032797 0.093520
0 0.703484 0.294534 0.030844 0.037972
0 0.224680 0.557541 0.021734 0.046224
0 0.366398 0.547145 0.024359 0.035828
0 0.664555 0.227739 0.024547 0.051795
0 0.212469 0.677436 0.039938 0.052774
0 0.272859 0.647902 0.027875 0.049557
0 0.294414 0.611888 0.042797 0.046713
0 0.548844 0.250618 0.028187 0.026970
0 0.405469 0.509324 0.654687 0.650350
