8 0.456211 0.822396 0.459609 0.178583
8 0.876836 0.702552 0.087453 0.227104
8 0.261375 0.620427 0.155000 0.175354
3 0.193375 0.880635 0.245406 0.238729
3 0.366172 0.591365 0.103719 0.167438
3 0.275773 0.580844 0.059328 0.149396
3 0.184570 0.622062 0.123422 0.206083
3 0.083656 0.621948 0.092875 0.189062
3 0.625156 0.817187 0.182563 0.365625
3 0.785578 0.709865 0.147125 0.275229
3 0.866703 0.653354 0.075906 0.226542
3 0.562023 0.494323 0.025328 0.070062
3 0.242297 0.505615 0.028344 0.062771
3 0.587750 0.485698 0.026469 0.064562
