2 0.230633 0.737472 0.111109 0.145556
2 0.435187 0.544639 0.089281 0.113944
2 0.404234 0.452167 0.077594 0.096222
2 0.370250 0.393167 0.074031 0.091111
2 0.347750 0.328708 0.068250 0.076139
2 0.328734 0.275736 0.068500 0.057750
2 0.309375 0.231778 0.063687 0.061889
2 0.371242 0.246819 0.058703 0.067194
2 0.397727 0.293361 0.062797 0.062333
2 0.417922 0.341250 0.067156 0.069056
2 0.655133 0.428806 0.065859 0.070000
2 0.914195 0.335708 0.070422 0.070361
2 0.819211 0.280042 0.065047 0.068194
2 0.090734 0.732056 0.091125 0.041389
2 0.504687 0.455556 0.987500 0.550000
