3 0.873453 0.429321 0.017719 0.061546
3 0.928586 0.377330 0.024609 0.037752
3 0.967727 0.376991 0.023953 0.028642
3 0.959094 0.247131 0.049094 0.039789
3 0.803359 0.110187 0.036062 0.034895
3 0.841102 0.122939 0.017078 0.021569
3 0.694375 0.122482 0.013875 0.009836
3 0.673438 0.174262 0.018812 0.014895
3 0.690703 0.166487 0.020250 0.032412
3 0.733805 0.126124 0.019359 0.018525
3 0.868758 0.120152 0.021109 0.010562
3 0.758141 0.033536 0.018000 0.013068
3 0.970008 0.164262 0.019516 0.027963
3 0.488281 0.201405 0.926562 0.351288
