0 0.758648 0.548735 0.058766 0.089368
0 0.557719 0.560316 0.056969 0.094684
0 0.726219 0.369532 0.041156 0.051991
0 0.629328 0.755129 0.053656 0.106089
0 0.212766 0.564766 0.017781 0.038946
0 0.599148 0.458770 0.033828 0.058103
0 0.706055 0.372740 0.019484 0.039672
0 0.581758 0.293337 0.035266 0.045129
0 0.430992 0.269052 0.035984 0.039040
0 0.331398 0.313665 0.031859 0.053560
0 0.704422 0.699391 0.053562 0.081499
0 0.766391 0.578279 0.109688 0.091499
0 0.368687 0.251019 0.030594 0.035995
0 0.560937 0.437939 0.543750 0.313817
