13 0.206604 0.268711 0.378417 0.206484
14 0.354958 0.642273 0.298292 0.187922
14 0.822469 0.580898 0.290646 0.168547
14 0.153604 0.546328 0.247083 0.111187
14 0.562073 0.423391 0.136104 0.058750
14 0.356865 0.434906 0.093438 0.069469
14 0.321260 0.416766 0.050479 0.058313
15 0.490510 0.691258 0.048854 0.036328
15 0.857000 0.594211 0.057667 0.020016
15 0.679708 0.546656 0.028958 0.019156
3 0.242000 0.837461 0.459000 0.302109
3 0.871427 0.813984 0.257146 0.207156
3 0.768906 0.425031 0.105854 0.131719
3 0.666083 0.380039 0.080875 0.043234
3 0.580292 0.373531 0.054625 0.032063
3 0.460417 0.373148 0.048583 0.034859
3 0.940448 0.451977 0.058021 0.053859
3 0.623740 0.472258 0.182771 0.117922
3 0.930844 0.408211 0.113604 0.115047
3 0.314906 0.485328 0.184646 0.109594
3 0.056688 0.557570 0.109542 0.095859
8 0.415510 0.473078 0.474729 0.103094
8 0.373344 0.611656 0.746688 0.182719
8 0.093750 0.463469 0.143958 0.100531
14 0.434750 0.380211 0.062167 0.035266
15 0.057167 0.598672 0.051000 0.016938
15 0.605510 0.436586 0.021521 0.006234
3 0.916750 0.663109 0.166500 0.374312
8 0.606656 0.779477 0.731854 0.441047
14 0.518375 0.392789 0.044542 0.009922
14 0.764948 0.524852 0.247604 0.100047
15 0.399479 0.457523 0.017417 0.011609
3 0.190990 0.457586 0.060771 0.098547
3 0.353125 0.453906 0.706250 0.132812
