0 0.234984 0.387436 0.134375 0.185129
0 0.271125 0.526546 0.124625 0.104520
0 0.418836 0.434965 0.182547 0.156019
0 0.606039 0.557389 0.256109 0.104520
0 0.632211 0.674731 0.021516 0.124824
0 0.819531 0.575726 0.080031 0.167939
0 0.401367 0.521780 0.074234 0.036206
0 0.318000 0.746756 0.213156 0.122084
0 0.868422 0.326206 0.025125 0.020047
0 0.313641 0.483735 0.090500 0.140913
0 0.309258 0.635117 0.015734 0.169297
0 0.559773 0.420609 0.030641 0.066838
0 0.355922 0.569075 0.108969 0.128454
0 0.636273 0.529403 0.138016 0.203489
0 0.479687 0.492974 0.793750 0.723653
