3 0.149594 0.265622 0.063813 0.090962
3 0.221680 0.267594 0.068547 0.089883
3 0.294070 0.312923 0.064328 0.092887
3 0.220625 0.313087 0.071500 0.031948
3 0.220445 0.334730 0.070359 0.021620
3 0.223625 0.384354 0.068875 0.106080
3 0.212156 0.395364 0.075531 0.203732
8 0.456969 0.742700 0.898969 0.487653
3 0.147586 0.333462 0.064922 0.024390
3 0.068562 0.308192 0.075469 0.184225
3 0.221211 0.387148 0.066016 0.024953
3 0.225859 0.443063 0.073000 0.094249
3 0.147102 0.361021 0.066234 0.030305
3 0.067297 0.319859 0.065438 0.020704
3 0.505469 0.413146 0.976562 0.183099
