2 0.607910 0.567867 0.054940 0.080907
2 0.465740 0.493600 0.046400 0.067307
2 0.348700 0.309080 0.066240 0.109093
2 0.736430 0.163840 0.056540 0.078827
2 0.758900 0.252907 0.041280 0.066987
2 0.679900 0.177107 0.055960 0.076827
2 0.303440 0.333800 0.081680 0.143227
2 0.777680 0.254387 0.026080 0.056453
2 0.729140 0.255187 0.042920 0.067120
2 0.721770 0.208533 0.030820 0.034613
2 0.772570 0.209440 0.024340 0.040000
2 0.687980 0.124280 0.042640 0.062000
2 0.732700 0.208280 0.030680 0.036880
2 0.548000 0.501333 0.900000 0.944000
