8 0.505875 0.798361 0.573219 0.377939
8 0.716641 0.524309 0.488219 0.301171
3 0.165820 0.316276 0.032828 0.085293
3 0.068719 0.438302 0.098156 0.234918
3 0.315422 0.262564 0.062000 0.032295
3 0.606180 0.310761 0.082891 0.117354
3 0.341617 0.328630 0.048016 0.121663
8 0.435039 0.482717 0.429484 0.251194
8 0.215258 0.441218 0.069766 0.057564
8 0.193281 0.390960 0.046781 0.041030
8 0.674492 0.329988 0.074641 0.052951
3 0.677891 0.308642 0.093906 0.172834
3 0.100258 0.294742 0.059672 0.065269
3 0.036984 0.474438 0.073969 0.276932
