2 0.308791 0.694070 0.070711 0.067420
2 0.589634 0.515570 0.077154 0.074220
2 0.451087 0.374080 0.064045 0.067920
2 0.232093 0.756220 0.072317 0.069840
2 0.314116 0.820780 0.058069 0.067520
2 0.367541 0.698820 0.061951 0.068200
2 0.648028 0.514280 0.065976 0.083120
2 0.223059 0.561610 0.071362 0.066500
2 0.145447 0.667650 0.063780 0.071460
2 0.134268 0.722130 0.051911 0.061700
2 0.415742 0.444160 0.097663 0.083120
8 0.498892 0.494810 0.992500 0.984420
2 0.278933 0.796130 0.063679 0.073100
2 0.339431 0.552000 0.585366 0.728000
