8 0.469383 0.701875 0.541016 0.375292
1 0.384266 0.476875 0.047219 0.048542
1 0.374352 0.617229 0.055203 0.033708
1 0.314016 0.726531 0.070250 0.051521
1 0.698727 0.609500 0.041359 0.016083
1 0.653445 0.561802 0.025703 0.009271
1 0.553703 0.440260 0.041938 0.025271
1 0.265781 0.745031 0.035344 0.020479
3 0.704195 0.519875 0.134047 0.059875
1 0.521477 0.572969 0.044734 0.011729
3 0.072859 0.900260 0.091312 0.173563
3 0.246773 0.590188 0.043984 0.072167
3 0.968266 0.944302 0.063469 0.085479
1 0.584531 0.804490 0.026625 0.033646
1 0.713195 0.580615 0.015734 0.037771
