3 0.152648 0.362246 0.015547 0.017734
3 0.169555 0.358320 0.007609 0.008320
3 0.182195 0.357197 0.010547 0.007754
3 0.200234 0.357236 0.014906 0.008965
3 0.816664 0.339902 0.017016 0.015273
3 0.026117 0.368828 0.011422 0.012656
3 0.792148 0.315703 0.014453 0.010977
3 0.068937 0.382549 0.009594 0.015137
3 0.071523 0.370215 0.009234 0.010078
3 0.027195 0.381797 0.012609 0.008945
3 0.009031 0.397227 0.012656 0.018359
3 0.824070 0.325400 0.014859 0.011309
3 0.194586 0.347266 0.011453 0.010898
3 0.500000 0.229492 0.996875 0.458984
