3 0.275555 0.056031 0.068828 0.074008
3 0.216516 0.059348 0.057594 0.064650
3 0.158867 0.044621 0.048859 0.043755
3 0.099195 0.034494 0.058078 0.051362
3 0.033656 0.026187 0.065875 0.049572
3 0.759734 0.048356 0.047250 0.040720
3 0.711875 0.047276 0.046406 0.033463
3 0.729344 0.087422 0.058594 0.042743
3 0.436023 0.021751 0.055953 0.027860
3 0.959187 0.338414 0.050187 0.044105
3 0.878148 0.330097 0.065766 0.046109
3 0.860617 0.380768 0.043234 0.036595
3 0.786289 0.086809 0.064578 0.039611
3 0.514844 0.259728 0.967187 0.519455
