3 0.374672 0.538427 0.132094 0.268604
8 0.500883 0.817646 0.998234 0.341167
8 0.299117 0.411177 0.234703 0.077646
8 0.749641 0.463302 0.174500 0.210313
3 0.787703 0.486802 0.103344 0.210104
3 0.669672 0.464938 0.086344 0.184708
3 0.441906 0.418771 0.059437 0.111500
3 0.467758 0.377313 0.052516 0.096708
3 0.272945 0.372729 0.057484 0.049458
3 0.328320 0.380344 0.072609 0.029687
3 0.842203 0.359604 0.054594 0.029792
3 0.729117 0.449896 0.063641 0.229083
3 0.346086 0.360646 0.049578 0.044625
8 0.273719 0.353844 0.129781 0.027271
3 0.453359 0.496583 0.109844 0.232875
3 0.387203 0.365740 0.033844 0.046729
3 0.642492 0.330656 0.025922 0.026521
8 0.353836 0.322188 0.179422 0.029292
8 0.508695 0.354271 0.057953 0.071625
3 0.355469 0.426042 0.617188 0.239583
