8 0.499070 0.648640 0.998141 0.680175
2 0.534992 0.508925 0.283891 0.204561
2 0.411492 0.819101 0.294609 0.217982
2 0.300914 0.621897 0.270984 0.204539
2 0.306148 0.429539 0.235766 0.241974
2 0.464016 0.332873 0.294969 0.240175
2 0.741320 0.557303 0.131297 0.197763
2 0.682008 0.790537 0.250328 0.220724
2 0.380266 0.941502 0.279344 0.116996
2 0.577203 0.658432 0.280187 0.206732
2 0.644023 0.932851 0.271109 0.134298
2 0.833672 0.873289 0.199313 0.220088
2 0.176922 0.731458 0.219344 0.240461
2 0.789523 0.675362 0.153797 0.194496
2 0.462500 0.648026 0.925000 0.699561
