13 0.501594 0.256062 0.103646 0.076219
3 0.836063 0.663086 0.252792 0.283641
3 0.770854 0.550922 0.158500 0.146969
3 0.174229 0.621484 0.169917 0.207344
3 0.725844 0.450539 0.138146 0.096484
3 0.781448 0.870648 0.437104 0.236672
3 0.232490 0.536078 0.119104 0.113688
3 0.263740 0.464625 0.181438 0.115469
8 0.396229 0.686320 0.761000 0.596703
3 0.745969 0.478109 0.162521 0.113750
3 0.265063 0.504812 0.126292 0.113250
3 0.160375 0.487438 0.062333 0.111281
3 0.331479 0.434688 0.079292 0.105781
3 0.379042 0.437445 0.067625 0.092828
3 0.760198 0.510445 0.165104 0.127547
3 0.814583 0.577344 0.362500 0.407813
