3 0.904828 0.656604 0.190344 0.238595
4 0.423594 0.581780 0.232875 0.173443
4 0.822836 0.866663 0.354328 0.245176
3 0.916016 0.518782 0.023688 0.087307
5 0.771117 0.587916 0.055547 0.097986
5 0.575023 0.484251 0.059516 0.223724
5 0.509992 0.450925 0.092828 0.176417
5 0.736109 0.611756 0.060625 0.046323
5 0.522016 0.579485 0.067094 0.039719
3 0.883523 0.517646 0.051891 0.083724
3 0.838789 0.514309 0.031016 0.079063
3 0.849320 0.505925 0.017797 0.062717
5 0.205070 0.489532 0.027297 0.080515
5 0.262563 0.560410 0.042438 0.094028
8 0.871539 0.492787 0.084766 0.012834
