8 0.759955 0.736041 0.078455 0.059096
8 0.459182 0.647932 0.062073 0.034877
8 0.109300 0.946274 0.093691 0.035288
3 0.232700 0.949890 0.048600 0.075178
8 0.279755 0.548548 0.052491 0.042575
8 0.654218 0.404795 0.037709 0.025151
8 0.509027 0.891466 0.027291 0.041123
8 0.367491 0.301260 0.072509 0.057096
8 0.511300 0.755726 0.059945 0.024274
8 0.927945 0.839890 0.071600 0.036274
8 0.546800 0.509699 0.041018 0.031890
8 0.427345 0.529740 0.032727 0.065726
8 0.643664 0.879849 0.032527 0.042493
8 0.491891 0.305274 0.032291 0.033233
8 0.505455 0.586301 0.941818 0.778082
