1 0.394234 0.671705 0.082125 0.074719
1 0.420836 0.609179 0.100141 0.033701
1 0.881930 0.710468 0.047359 0.021102
1 0.916266 0.732266 0.064156 0.021414
1 0.146086 0.672661 0.092891 0.033721
1 0.318539 0.624854 0.046453 0.025759
1 0.560937 0.572942 0.063531 0.019356
1 0.525117 0.372173 0.029703 0.012952
1 0.492945 0.382474 0.015016 0.019044
1 0.268945 0.503960 0.033797 0.027380
1 0.983078 0.670717 0.033844 0.044096
8 0.695117 0.811767 0.588422 0.356590
8 0.245328 0.787859 0.490656 0.424283
1 0.193719 0.661757 0.021719 0.019688
1 0.846031 0.693867 0.053187 0.015094
1 0.381250 0.527027 0.746875 0.326403
