14 0.311953 0.558865 0.137750 0.229896
15 0.320297 0.662167 0.043375 0.038083
1 0.921266 0.755417 0.098375 0.054958
14 0.156312 0.473656 0.126656 0.142646
14 0.908023 0.634594 0.183953 0.240104
14 0.589727 0.509729 0.137172 0.107458
15 0.792383 0.635885 0.041516 0.049396
3 0.762258 0.511271 0.154547 0.138375
3 0.441070 0.441406 0.032484 0.099396
3 0.058922 0.893354 0.117156 0.201625
3 0.187688 0.966156 0.205594 0.067687
15 0.119539 0.510927 0.010172 0.003063
14 0.551820 0.747708 0.380828 0.411917
