8 0.948187 0.690896 0.103625 0.291958
8 0.480680 0.721156 0.380141 0.283188
3 0.828703 0.820906 0.098594 0.353479
3 0.893516 0.717625 0.118844 0.345292
3 0.598883 0.515490 0.060234 0.046687
3 0.576844 0.527875 0.035937 0.046708
3 0.386555 0.494531 0.047141 0.086979
3 0.312820 0.490979 0.033641 0.100792
3 0.333375 0.491990 0.025625 0.102854
3 0.051281 0.630677 0.033063 0.068479
3 0.046844 0.767208 0.085750 0.385583
3 0.093266 0.830281 0.101781 0.339438
3 0.714102 0.567000 0.032266 0.093875
3 0.514500 0.498594 0.025094 0.055313
8 0.330953 0.476042 0.066562 0.057958
3 0.502344 0.490625 0.979688 0.172917
