3 0.129229 0.333258 0.255625 0.261172
3 0.310125 0.246391 0.190250 0.219188
3 0.498740 0.201844 0.193104 0.201563
3 0.601521 0.177242 0.065292 0.110703
3 0.437375 0.078648 0.066292 0.011797
3 0.298792 0.104563 0.098708 0.053219
3 0.205417 0.103977 0.122500 0.051391
8 0.498875 0.583297 0.997750 0.793250
8 0.384135 0.096953 0.318437 0.037187
3 0.115115 0.087188 0.073938 0.011125
2 0.429844 0.407953 0.135937 0.096750
8 0.194615 0.160594 0.389229 0.047438
8 0.127521 0.099922 0.189625 0.025594
8 0.505490 0.069008 0.043604 0.011266
3 0.793000 0.270773 0.411792 0.097828
3 0.199063 0.122055 0.078333 0.035422
3 0.521146 0.069016 0.012042 0.028781
3 0.130833 0.122945 0.073333 0.036672
3 0.517052 0.051758 0.045521 0.054172
8 0.084740 0.154477 0.169479 0.039328
3 0.086458 0.166406 0.085417 0.110937
