0 0.617773 0.579890 0.094078 0.070673
0 0.660953 0.399319 0.035313 0.024710
0 0.445484 0.501495 0.622344 0.556041
0 0.385336 0.345509 0.051016 0.047981
0 0.262031 0.283928 0.042719 0.045571
0 0.579953 0.706080 0.066531 0.052598
0 0.161930 0.420227 0.057828 0.032786
0 0.335695 0.268138 0.056828 0.062911
0 0.621516 0.454092 0.037406 0.044491
0 0.400719 0.299124 0.053781 0.044507
0 0.173070 0.308779 0.034422 0.044664
0 0.597164 0.338005 0.063547 0.088967
0 0.199062 0.386721 0.120562 0.117167
0 0.333594 0.331768 0.082812 0.078247
