3 0.351789 0.893696 0.290734 0.184251
3 0.653422 0.857742 0.312531 0.256159
3 0.105414 0.847331 0.210828 0.305338
8 0.606359 0.360833 0.027563 0.048092
8 0.622656 0.384614 0.021688 0.060870
8 0.758492 0.476256 0.081547 0.105072
8 0.739852 0.367367 0.034984 0.041208
8 0.440109 0.718768 0.673813 0.410870
8 0.708195 0.394372 0.075391 0.046039
3 0.208766 0.494928 0.009750 0.044058
3 0.485414 0.469734 0.041734 0.085604
3 0.739039 0.528454 0.038641 0.103623
3 0.861102 0.841944 0.167922 0.316111
3 0.779617 0.521039 0.054328 0.164686
3 0.349852 0.498865 0.043516 0.051691
3 0.769023 0.410459 0.041484 0.026715
8 0.601102 0.346739 0.039922 0.046667
8 0.572250 0.326582 0.018094 0.045628
