2 0.590375 0.775906 0.255063 0.389646
2 0.796812 0.503896 0.326406 0.334250
2 0.515727 0.566292 0.256172 0.319083
2 0.443414 0.478604 0.234797 0.279292
2 0.378219 0.293729 0.263531 0.376583
2 0.681180 0.366854 0.214297 0.314125
2 0.947469 0.374156 0.105062 0.442688
2 0.840453 0.738208 0.319094 0.361792
2 0.357305 0.858427 0.269672 0.260688
2 0.326125 0.789885 0.274719 0.321354
2 0.624438 0.243448 0.264594 0.325854
2 0.545602 0.086708 0.266891 0.173417
2 0.375008 0.059844 0.112703 0.116062
2 0.500000 0.498958 0.996875 0.997917
