0 0.227002 0.834227 0.123185 0.059578
0 0.279590 0.833969 0.159508 0.063844
0 0.259707 0.775953 0.131311 0.074625
0 0.279286 0.807422 0.159321 0.085500
0 0.279368 0.762836 0.159485 0.068016
0 0.064403 0.639680 0.110258 0.036141
0 0.318700 0.753547 0.078244 0.064625
0 0.375574 0.736078 0.059953 0.078094
0 0.233478 0.870313 0.050796 0.023500
0 0.342600 0.799977 0.094801 0.049047
0 0.333759 0.709172 0.028220 0.042688
0 0.366967 0.760117 0.178197 0.108234
0 0.235925 0.807258 0.099906 0.041734
0 0.333724 0.778125 0.264637 0.190625
