8 0.162675 0.785883 0.168283 0.041866
8 0.704075 0.781405 0.118883 0.028682
3 0.186900 0.872600 0.090567 0.246045
3 0.335367 0.809341 0.108267 0.145299
3 0.485733 0.760572 0.092100 0.023881
3 0.058917 0.756256 0.117833 0.048930
3 0.306708 0.895137 0.140717 0.209726
3 0.493108 0.898109 0.123850 0.200796
3 0.679792 0.892127 0.127983 0.193259
3 0.791583 0.895323 0.124700 0.198557
3 0.940883 0.893470 0.118233 0.212015
3 0.146067 0.900659 0.141567 0.194652
3 0.726300 0.773470 0.098600 0.059478
3 0.622383 0.865659 0.099267 0.252910
8 0.943517 0.778346 0.112967 0.030423
8 0.323783 0.787388 0.148667 0.039502
8 0.490008 0.787687 0.145917 0.044776
8 0.046250 0.785037 0.092133 0.035547
3 0.035108 0.899104 0.070217 0.194478
