0 0.767883 0.355240 0.061141 0.071979
0 0.425422 0.187479 0.046812 0.075917
0 0.688883 0.870563 0.056859 0.079500
0 0.361797 0.874656 0.068656 0.093896
0 0.621828 0.777656 0.070469 0.101938
0 0.534789 0.692385 0.040672 0.045396
0 0.343313 0.347323 0.183219 0.142146
0 0.448367 0.303896 0.050828 0.059500
0 0.458766 0.248469 0.070187 0.083896
0 0.658727 0.249406 0.085828 0.116396
0 0.513750 0.221125 0.045156 0.054042
0 0.538641 0.185719 0.052594 0.059729
0 0.714289 0.343344 0.044234 0.058979
0 0.519531 0.580208 0.729688 0.806250
