3 0.470313 0.870656 0.101906 0.133396
8 0.552992 0.807719 0.090359 0.044146
3 0.569195 0.892042 0.080828 0.143917
3 0.401453 0.767635 0.028281 0.033688
3 0.026977 0.853302 0.053047 0.075604
3 0.102977 0.839990 0.072516 0.052896
3 0.351977 0.831354 0.056016 0.038208
3 0.639180 0.850427 0.052797 0.144312
3 0.465172 0.916854 0.104500 0.143833
3 0.634344 0.951708 0.041719 0.096583
3 0.025180 0.927760 0.050359 0.094062
8 0.855969 0.787260 0.056000 0.015813
8 0.681844 0.796656 0.044531 0.012396
8 0.351555 0.794094 0.058266 0.013562
