3 0.071352 0.890035 0.142703 0.219929
3 0.309219 0.854823 0.062531 0.221203
3 0.661750 0.957300 0.111656 0.085401
3 0.155109 0.730672 0.036875 0.032146
3 0.569992 0.939894 0.103703 0.117618
8 0.935242 0.854623 0.129516 0.115519
8 0.201883 0.762193 0.159047 0.054104
8 0.588258 0.868149 0.135359 0.059410
13 0.686258 0.565967 0.129547 0.117453
13 0.488273 0.566863 0.102609 0.114858
13 0.325852 0.561651 0.086703 0.090283
13 0.186711 0.561981 0.052484 0.093915
3 0.656805 0.802370 0.015891 0.054835
3 0.988586 0.783113 0.018922 0.044151
3 0.194844 0.698868 0.024344 0.027500
8 0.643203 0.748726 0.035219 0.030472
