3 0.024544 0.171550 0.033061 0.024260
3 0.202091 0.180880 0.051612 0.050920
3 0.262407 0.182310 0.054065 0.049980
3 0.454907 0.218300 0.053692 0.018600
3 0.014813 0.337340 0.029626 0.018800
3 0.013820 0.285250 0.027640 0.030780
3 0.046086 0.286050 0.037640 0.034340
3 0.025421 0.250470 0.048738 0.022180
3 0.135210 0.252700 0.056262 0.031120
3 0.314871 0.181430 0.053575 0.052140
3 0.529778 0.190440 0.051332 0.023240
3 0.514346 0.215690 0.064439 0.025180
3 0.585280 0.187170 0.049813 0.023900
3 0.296729 0.273000 0.593458 0.242000
