3 0.902867 0.816094 0.194266 0.314396
3 0.884656 0.404135 0.109187 0.106188
3 0.722898 0.368281 0.090484 0.110729
3 0.428875 0.454177 0.085187 0.154229
3 0.849312 0.281042 0.046219 0.091958
3 0.831891 0.179156 0.018125 0.030354
14 0.272305 0.628552 0.260391 0.231771
14 0.720977 0.266802 0.087609 0.080687
14 0.687258 0.888958 0.299234 0.177917
14 0.734836 0.438677 0.139797 0.045687
14 0.976930 0.356938 0.046141 0.032167
15 0.312078 0.611667 0.039563 0.023583
15 0.145641 0.463729 0.028000 0.017875
3 0.709313 0.667063 0.134375 0.383958
3 0.570055 0.215302 0.037266 0.053562
14 0.916930 0.475031 0.159203 0.129104
3 0.554812 0.204073 0.028937 0.046312
3 0.579984 0.171719 0.030625 0.036854
3 0.018680 0.287073 0.037359 0.127438
3 0.486102 0.269469 0.052047 0.081187
3 0.922352 0.296156 0.093984 0.081312
14 0.061445 0.426510 0.066141 0.104021
14 0.430797 0.328229 0.074594 0.033167
14 0.365258 0.296635 0.093984 0.034312
14 0.453141 0.191302 0.049625 0.067896
14 0.866852 0.161896 0.040766 0.037792
