13 0.066312 0.278479 0.043875 0.088417
13 0.129688 0.263083 0.046469 0.092958
3 0.504047 0.769542 0.177781 0.372042
3 0.363352 0.719604 0.154516 0.343792
3 0.841219 0.779281 0.222969 0.407646
3 0.055148 0.771635 0.106828 0.193479
3 0.776672 0.502802 0.070312 0.110521
3 0.206406 0.576229 0.121000 0.204583
3 0.674250 0.430146 0.017625 0.026250
8 0.651398 0.566927 0.300766 0.183688
8 0.051062 0.418104 0.102125 0.057667
3 0.812406 0.514281 0.028313 0.072146
3 0.587156 0.423740 0.023719 0.029687
3 0.100023 0.509437 0.062609 0.132750
3 0.033125 0.511052 0.063781 0.141729
3 0.029711 0.656979 0.059422 0.049750
3 0.756781 0.430115 0.041094 0.036229
