3 0.397711 0.544713 0.058203 0.116364
3 0.533219 0.512596 0.047969 0.120933
3 0.437266 0.526352 0.037281 0.135096
3 0.724828 0.450084 0.034937 0.107010
3 0.672539 0.464785 0.031516 0.090957
3 0.894883 0.412093 0.028453 0.060263
3 0.385289 0.520395 0.054859 0.096962
3 0.932398 0.426531 0.039578 0.073636
3 0.473383 0.521555 0.047609 0.138325
3 0.399742 0.517883 0.037266 0.109641
8 0.914469 0.425849 0.046281 0.073325
8 0.700844 0.463624 0.046312 0.089498
8 0.466602 0.477967 0.090734 0.017129
8 0.469914 0.535837 0.054641 0.109665
