3 0.341594 0.152167 0.011938 0.012375
3 0.354883 0.151177 0.011172 0.011938
3 0.368133 0.152260 0.012422 0.013771
3 0.394227 0.151792 0.014391 0.014625
3 0.405766 0.159510 0.011906 0.011813
3 0.419367 0.157802 0.011672 0.010021
3 0.458812 0.155646 0.012719 0.010833
3 0.474797 0.145010 0.012406 0.010396
3 0.611258 0.160583 0.012547 0.012458
3 0.461148 0.144615 0.012016 0.009896
3 0.380492 0.148781 0.012297 0.011729
3 0.448336 0.145177 0.011234 0.010271
3 0.300164 0.155167 0.015422 0.012875
3 0.500000 0.138542 0.996875 0.277083
