2 0.149657 0.411904 0.170752 0.112304
2 0.195972 0.228088 0.143971 0.081307
2 0.381144 0.403521 0.166895 0.118611
2 0.365760 0.584118 0.193023 0.141601
2 0.609788 0.406732 0.171111 0.110850
2 0.844575 0.398799 0.178562 0.130931
2 0.596430 0.219608 0.160278 0.098693
2 0.793971 0.212239 0.161765 0.106863
2 0.079592 0.839861 0.157712 0.200441
2 0.655147 0.828194 0.228072 0.222729
2 0.918807 0.827475 0.162386 0.228056
2 0.345850 0.827982 0.246111 0.238350
2 0.628570 0.577925 0.197402 0.163627
2 0.497549 0.342320 0.995098 0.681373
