8 0.395195 0.511938 0.790391 0.442625
8 0.762937 0.735292 0.474125 0.505875
8 0.613766 0.226927 0.125188 0.045937
3 0.739609 0.448062 0.164844 0.167708
3 0.546656 0.390458 0.190375 0.088667
3 0.453648 0.353479 0.041141 0.100958
3 0.341570 0.321833 0.035234 0.075042
3 0.968906 0.222156 0.046312 0.109271
3 0.807922 0.216031 0.044562 0.035104
3 0.607000 0.281583 0.066375 0.141292
3 0.519234 0.251958 0.039031 0.133167
8 0.868938 0.277094 0.186219 0.085938
3 0.071031 0.803917 0.140250 0.390750
3 0.155609 0.833896 0.180219 0.332208
3 0.418914 0.904031 0.357828 0.191937
5 0.962562 0.113719 0.041031 0.049396
8 0.417594 0.277198 0.180688 0.078313
8 0.611688 0.781135 0.767531 0.437729
8 0.948750 0.245781 0.034813 0.061354
8 0.848922 0.207312 0.097125 0.040125
3 0.159422 0.300521 0.066094 0.076375
8 0.188234 0.280417 0.113062 0.077917
3 0.773438 0.193750 0.062500 0.075000
