5 0.873375 0.518760 0.081250 0.116812
5 0.770984 0.447240 0.110813 0.133938
5 0.941242 0.348781 0.055453 0.077396
5 0.898961 0.363063 0.025578 0.060250
5 0.505320 0.596208 0.044484 0.071167
3 0.603414 0.631562 0.098297 0.360792
3 0.113711 0.770958 0.224203 0.427958
8 0.700594 0.778823 0.592938 0.409396
1 0.735414 0.814656 0.164516 0.115813
1 0.682586 0.469656 0.070797 0.112354
0 0.936836 0.696260 0.068391 0.044937
0 0.838617 0.694052 0.049141 0.029562
5 0.818602 0.365646 0.041703 0.067917
5 0.978398 0.361344 0.042609 0.057396
5 0.825398 0.533271 0.054953 0.087708
5 0.857484 0.365771 0.037594 0.067583
8 0.044320 0.598750 0.088609 0.017167
0 0.944016 0.702396 0.036625 0.014792
0 0.967180 0.610969 0.040109 0.017979
