3 0.091289 0.297512 0.027359 0.027042
3 0.090844 0.261397 0.023844 0.025000
3 0.018656 0.236209 0.027375 0.038146
3 0.552359 0.242441 0.025344 0.025822
3 0.288320 0.145129 0.028609 0.039319
3 0.306719 0.172230 0.023719 0.032864
3 0.331727 0.135880 0.024734 0.032183
3 0.540609 0.207758 0.027062 0.032512
3 0.566219 0.198251 0.023750 0.026268
3 0.856531 0.261526 0.035500 0.051831
3 0.114898 0.306854 0.032109 0.047934
3 0.291828 0.181890 0.016844 0.022371
3 0.961305 0.197347 0.039641 0.042207
3 0.500781 0.266432 0.995313 0.532864
