5 0.562917 0.824359 0.127542 0.165969
5 0.544146 0.699227 0.081542 0.086766
5 0.533833 0.450234 0.063208 0.069281
5 0.551896 0.336344 0.112958 0.109062
5 0.612729 0.103375 0.074917 0.121344
3 0.273302 0.719492 0.096646 0.137328
3 0.202469 0.560344 0.088688 0.104813
3 0.172292 0.713484 0.104875 0.150562
3 0.162031 0.930195 0.112437 0.138953
3 0.284865 0.550711 0.081729 0.089453
3 0.292021 0.800414 0.096917 0.020016
3 0.161479 0.807156 0.097708 0.016125
3 0.237104 0.426672 0.072792 0.073250
3 0.310583 0.431648 0.080625 0.109859
3 0.284542 0.926117 0.105500 0.147766
3 0.235750 0.362586 0.071625 0.012266
3 0.308302 0.353477 0.077438 0.028422
5 0.544844 0.577305 0.098104 0.065234
5 0.542948 0.230164 0.078729 0.079859
5 0.545708 0.144555 0.076792 0.065328
8 0.218229 0.657172 0.263083 0.082969
8 0.261521 0.512094 0.231583 0.066719
8 0.302167 0.162641 0.145583 0.033656
8 0.332396 0.041766 0.154667 0.030719
8 0.215448 0.852422 0.295854 0.096781
8 0.275646 0.390805 0.213125 0.053891
8 0.315667 0.097281 0.151167 0.032063
8 0.288260 0.232609 0.160438 0.037437
3 0.182885 0.609070 0.088688 0.027109
5 0.536229 0.631734 0.059667 0.039531
5 0.542948 0.407297 0.074938 0.041688
3 0.444792 0.489844 0.843750 0.960938
