0 0.876547 0.127618 0.114187 0.255237
0 0.859984 0.351323 0.093969 0.320251
0 0.520359 0.315237 0.153844 0.076156
0 0.464547 0.607270 0.138813 0.107577
0 0.788875 0.908315 0.128906 0.183370
0 0.602672 0.073955 0.078094 0.146351
0 0.897500 0.371435 0.040781 0.218189
0 0.764594 0.055153 0.101312 0.087242
0 0.700086 0.749345 0.152984 0.101309
0 0.395977 0.840320 0.035016 0.172674
0 0.683547 0.154805 0.039406 0.217632
0 0.138945 0.409081 0.043109 0.073092
0 0.497797 0.324025 0.086375 0.175682
0 0.517188 0.498607 0.940625 0.997214
