3 0.766938 0.698133 0.078438 0.164510
3 0.688289 0.677181 0.090797 0.201682
3 0.618367 0.647652 0.066516 0.202107
3 0.192414 0.317135 0.033078 0.087061
3 0.454539 0.511664 0.045484 0.151608
3 0.381469 0.440416 0.043438 0.127967
3 0.494664 0.547551 0.037953 0.169556
3 0.523484 0.576774 0.039031 0.179871
3 0.419469 0.466682 0.015625 0.133882
3 0.135680 0.309196 0.025141 0.089335
3 0.428008 0.470832 0.005797 0.089242
3 0.569711 0.612384 0.058641 0.186026
3 0.347484 0.404824 0.021750 0.115786
3 0.823438 0.735675 0.025000 0.125693
