8 0.500000 0.494115 1.000000 0.983521
0 0.695789 0.640823 0.024891 0.063896
0 0.679953 0.568927 0.040969 0.040521
0 0.772352 0.505542 0.048828 0.050750
0 0.714625 0.609896 0.020000 0.050000
0 0.916383 0.564771 0.029641 0.076708
0 0.718297 0.495625 0.023094 0.031250
0 0.769539 0.643177 0.086266 0.046021
0 0.827688 0.685302 0.037187 0.035646
0 0.745055 0.675833 0.087609 0.079042
0 0.659031 0.525396 0.026875 0.060000
0 0.729836 0.549896 0.018672 0.030625
0 0.883352 0.571073 0.037828 0.035354
0 0.762156 0.730104 0.054625 0.073875
0 0.767188 0.527083 0.246875 0.291667
