0 0.843008 0.865878 0.197797 0.240000
0 0.760594 0.861171 0.098906 0.240000
0 0.781781 0.847061 0.153844 0.272951
0 0.830461 0.747763 0.142172 0.104660
0 0.856586 0.822518 0.286828 0.246581
0 0.851547 0.908361 0.106125 0.122436
4 0.820937 0.483700 0.358125 0.378595
0 0.692422 0.855621 0.041094 0.288759
0 0.053867 0.698208 0.107734 0.027143
0 0.061734 0.728454 0.096437 0.072740
0 0.043727 0.731721 0.085234 0.045222
0 0.052742 0.767939 0.105484 0.082529
0 0.139336 0.721265 0.038641 0.055831
0 0.080516 0.797026 0.036969 0.064169
