3 0.038453 0.326243 0.076594 0.083968
3 0.012430 0.270780 0.024047 0.026640
3 0.596836 0.393836 0.056016 0.196508
3 0.599891 0.280873 0.042469 0.055873
3 0.885375 0.551839 0.099406 0.194418
3 0.552133 0.258730 0.036203 0.028519
3 0.818398 0.419947 0.077578 0.174497
3 0.941500 0.298360 0.053938 0.098783
3 0.871406 0.280979 0.027750 0.029101
8 0.500000 0.812262 1.000000 0.375476
8 0.937141 0.368148 0.074625 0.086931
3 0.387016 0.562672 0.085125 0.415132
3 0.052789 0.543042 0.105578 0.349735
3 0.589305 0.314339 0.042359 0.079206
3 0.470977 0.256270 0.029953 0.043915
