0 0.570500 0.489707 0.079656 0.092295
0 0.827609 0.552436 0.065969 0.089883
0 0.644328 0.420890 0.061906 0.064122
0 0.567070 0.319836 0.088172 0.071616
0 0.629164 0.832037 0.221234 0.230585
0 0.530820 0.685094 0.069391 0.108548
0 0.658375 0.623782 0.052469 0.098290
0 0.727094 0.455761 0.238875 0.274754
0 0.606891 0.583888 0.055500 0.064028
0 0.753555 0.661756 0.147672 0.200796
0 0.776719 0.768583 0.116406 0.167283
0 0.531641 0.554227 0.067875 0.087049
0 0.634023 0.369005 0.069984 0.080351
0 0.504687 0.556206 0.603125 0.779859
