3 0.253102 0.606656 0.099891 0.225729
3 0.049320 0.475042 0.057328 0.145542
3 0.975180 0.459000 0.049641 0.088208
3 0.693680 0.441437 0.057828 0.045250
3 0.757578 0.784271 0.200563 0.409000
14 0.602531 0.606740 0.153375 0.274146
14 0.458422 0.347344 0.148313 0.191021
14 0.110391 0.547187 0.217406 0.294375
14 0.866469 0.433615 0.160000 0.221021
14 0.665219 0.265771 0.100750 0.135583
14 0.856461 0.281656 0.120078 0.116937
14 0.224258 0.310073 0.059234 0.171604
3 0.365875 0.965948 0.246750 0.068104
3 0.547656 0.381177 0.087375 0.083812
3 0.051320 0.941104 0.102641 0.117792
