4 0.134852 0.304953 0.263953 0.381455
4 0.490992 0.282793 0.337828 0.380657
8 0.447930 0.720458 0.566953 0.524718
8 0.690016 0.377664 0.275375 0.108756
3 0.832812 0.858157 0.334375 0.252793
3 0.980273 0.264542 0.039453 0.081009
8 0.180586 0.931162 0.361172 0.137676
3 0.788148 0.541667 0.093891 0.146854
4 0.878180 0.161479 0.227484 0.143521
3 0.606672 0.225035 0.073906 0.260399
3 0.826359 0.211491 0.052250 0.101479
3 0.896430 0.207770 0.056672 0.095869
3 0.774320 0.242160 0.052547 0.063709
3 0.698320 0.263603 0.075766 0.056549
8 0.760953 0.287195 0.194406 0.110493
