3 0.562875 0.529740 0.064031 0.088396
3 0.395570 0.725198 0.053547 0.286604
3 0.628187 0.758865 0.113563 0.146937
16 0.572977 0.661646 0.031547 0.012708
16 0.784297 0.656365 0.046094 0.027813
3 0.045305 0.642094 0.090609 0.217021
3 0.370914 0.537208 0.059797 0.186042
3 0.391906 0.511781 0.032094 0.137813
3 0.407875 0.511562 0.019094 0.141583
16 0.712375 0.669479 0.025938 0.011708
3 0.226281 0.864594 0.182625 0.199563
3 0.419359 0.443937 0.037219 0.052083
3 0.568227 0.593844 0.040703 0.053146
3 0.340523 0.498677 0.015109 0.111687
3 0.367867 0.460344 0.069391 0.111396
16 0.291289 0.724000 0.036297 0.024042
16 0.792180 0.667177 0.025078 0.018104
