3 0.907541 0.877672 0.184918 0.176563
3 0.085609 0.675641 0.145363 0.068969
3 0.289813 0.682727 0.165293 0.070297
3 0.404192 0.634016 0.128525 0.053531
3 0.171569 0.874453 0.339719 0.248250
3 0.479614 0.581914 0.046721 0.011828
8 0.851288 0.859352 0.297424 0.278922
8 0.212201 0.826180 0.424403 0.338672
3 0.885515 0.701914 0.186393 0.067828
3 0.736792 0.606055 0.152459 0.061297
3 0.696218 0.572422 0.089391 0.031375
3 0.258220 0.614266 0.089040 0.017219
3 0.818642 0.641188 0.226885 0.027656
8 0.730679 0.688859 0.139813 0.127688
8 0.400960 0.634211 0.219344 0.042453
8 0.495691 0.591648 0.092787 0.012203
8 0.717611 0.594375 0.097237 0.004938
8 0.552763 0.569531 0.013068 0.005812
8 0.700152 0.567867 0.117119 0.012234
