0 0.527822 0.559680 0.087775 0.170266
0 0.340937 0.529328 0.116628 0.172531
0 0.493970 0.466797 0.050141 0.050687
0 0.700433 0.492055 0.109204 0.107266
0 0.653232 0.904328 0.198173 0.167594
0 0.313934 0.829352 0.115222 0.066703
0 0.755785 0.697086 0.186511 0.215391
0 0.379426 0.638961 0.083677 0.121297
0 0.312260 0.580047 0.123068 0.159031
0 0.238080 0.446836 0.088852 0.107516
0 0.891194 0.736633 0.157939 0.124828
0 0.374321 0.728195 0.078056 0.061141
0 0.240913 0.750547 0.090726 0.116625
0 0.498829 0.592187 0.997658 0.612500
