5 0.402414 0.734841 0.050297 0.121353
5 0.325875 0.700172 0.055500 0.194244
5 0.937367 0.743037 0.063484 0.122785
5 0.900211 0.734549 0.038516 0.109310
5 0.642070 0.702798 0.045078 0.207772
5 0.684008 0.718462 0.074797 0.164244
3 0.190086 0.657732 0.100672 0.263475
5 0.286945 0.716658 0.051547 0.147215
5 0.247766 0.716273 0.027563 0.119708
5 0.374781 0.680477 0.054719 0.221432
5 0.439641 0.693912 0.043531 0.084483
5 0.716461 0.756061 0.033984 0.096844
5 0.433984 0.735159 0.036156 0.095676
5 0.093563 0.723382 0.061469 0.116525
5 0.500000 0.502653 0.956250 0.602122
