3 0.537875 0.118302 0.038250 0.045330
3 0.454047 0.086356 0.072531 0.042524
3 0.387937 0.089658 0.062094 0.044882
3 0.337133 0.124269 0.054609 0.031368
3 0.265875 0.084788 0.051313 0.039717
3 0.196719 0.086226 0.063687 0.039623
3 0.177016 0.053290 0.059375 0.039080
3 0.240242 0.053738 0.058297 0.040212
3 0.309555 0.049858 0.051578 0.032311
3 0.138352 0.085118 0.037641 0.036462
3 0.582594 0.082901 0.064125 0.045142
3 0.477898 0.117759 0.050172 0.035189
3 0.648438 0.084446 0.056844 0.039410
3 0.478906 0.288915 0.948438 0.577830
