13 0.689813 0.253933 0.147687 0.152803
3 0.339055 0.751820 0.211109 0.471088
3 0.467039 0.747207 0.143953 0.502657
3 0.866820 0.716579 0.127953 0.468933
3 0.703508 0.737636 0.234516 0.498912
3 0.028977 0.799006 0.057953 0.400314
8 0.383266 0.563787 0.693344 0.192510
3 0.043195 0.493264 0.086391 0.103305
3 0.088719 0.392019 0.060406 0.030607
3 0.140820 0.389948 0.047203 0.030690
3 0.441961 0.468766 0.065547 0.062301
8 0.101383 0.449006 0.100078 0.051987
3 0.970437 0.637061 0.059125 0.198891
8 0.114453 0.727270 0.104750 0.254540
