2 0.893456 0.521992 0.182919 0.127703
2 0.429379 0.796523 0.140527 0.117297
2 0.846252 0.452594 0.150282 0.102688
2 0.689944 0.788031 0.128512 0.090969
2 0.807100 0.704992 0.112316 0.053703
2 0.671761 0.712891 0.103710 0.069156
2 0.565772 0.790773 0.133766 0.114297
2 0.819040 0.765414 0.145386 0.117828
2 0.829021 0.397109 0.164407 0.092094
2 0.256742 0.578469 0.230621 0.128500
2 0.668220 0.527211 0.149623 0.136359
2 0.277175 0.472055 0.213409 0.095234
2 0.438484 0.729992 0.124124 0.058266
2 0.719397 0.492969 0.444444 0.532813
