3 0.347859 0.617383 0.022682 0.007828
3 0.400494 0.643867 0.025835 0.014172
3 0.398329 0.619430 0.019859 0.006516
3 0.419988 0.634813 0.027600 0.009656
3 0.429918 0.645578 0.029812 0.011813
3 0.383200 0.653797 0.018306 0.004938
3 0.374671 0.642555 0.026518 0.008328
3 0.364271 0.635094 0.025529 0.006125
3 0.483753 0.645500 0.029247 0.009250
3 0.637518 0.647977 0.029812 0.012016
3 0.630282 0.629211 0.029035 0.012141
3 0.313447 0.641477 0.014659 0.005422
3 0.337435 0.603844 0.023906 0.006438
3 0.335294 0.554688 0.670588 0.125000
