2 0.596422 0.540813 0.083344 0.083333
2 0.836578 0.476667 0.076281 0.088208
2 0.674008 0.559240 0.085078 0.084062
2 0.751914 0.581000 0.089734 0.073667
2 0.836617 0.560104 0.094422 0.086750
2 0.904656 0.536396 0.086469 0.077958
2 0.891328 0.456760 0.071313 0.071521
2 0.468734 0.860240 0.084469 0.095479
2 0.727367 0.839208 0.104047 0.108167
2 0.911633 0.844479 0.105172 0.131333
2 0.510391 0.937656 0.124687 0.088313
2 0.750430 0.507208 0.063484 0.086375
2 0.556469 0.831708 0.103688 0.119667
2 0.681250 0.681250 0.634375 0.625000
