2 0.681586 0.381448 0.057297 0.047479
2 0.681187 0.343698 0.061937 0.042146
2 0.592609 0.311896 0.056281 0.044875
2 0.580094 0.346031 0.055656 0.047104
2 0.538672 0.301875 0.023719 0.022250
2 0.743961 0.319927 0.062359 0.049896
2 0.684406 0.312969 0.055281 0.044729
2 0.765328 0.361958 0.035969 0.032083
2 0.777984 0.408302 0.039844 0.036937
2 0.788602 0.438427 0.052203 0.043146
2 0.825492 0.387083 0.049359 0.047125
2 0.828797 0.349583 0.062094 0.044625
2 0.728484 0.354635 0.034813 0.024354
2 0.403125 0.375000 0.775000 0.179167
