3 0.192707 0.908000 0.321281 0.178031
3 0.148161 0.760906 0.265950 0.045094
3 0.149184 0.895227 0.298368 0.203234
3 0.888729 0.923359 0.205351 0.153281
3 0.945744 0.761766 0.108512 0.032281
3 0.115072 0.686625 0.075517 0.019656
3 0.832903 0.822367 0.084649 0.053359
3 0.933213 0.824703 0.133574 0.068031
3 0.346167 0.941844 0.154483 0.114656
3 0.381860 0.858484 0.111736 0.087031
3 0.922107 0.707531 0.143140 0.034875
3 0.065548 0.729523 0.131095 0.027766
3 0.202128 0.729352 0.148554 0.023609
3 0.498967 0.792969 0.997934 0.326562
