8 0.599026 0.583602 0.508146 0.415797
3 0.289014 0.614062 0.432770 0.388750
3 0.039120 0.591336 0.078239 0.205609
3 0.809765 0.602266 0.361784 0.377500
3 0.860246 0.471984 0.085376 0.110125
3 0.704871 0.582281 0.141573 0.333906
3 0.421138 0.475289 0.086643 0.111266
3 0.809472 0.514008 0.090775 0.184984
3 0.474965 0.443180 0.040728 0.043359
3 0.079988 0.575328 0.144390 0.293500
3 0.553862 0.501047 0.143779 0.165406
3 0.964918 0.613641 0.070164 0.142594
3 0.541197 0.432867 0.091878 0.020391
3 0.646714 0.543750 0.063380 0.078125
