0 0.173320 0.623907 0.073280 0.184347
0 0.296180 0.543693 0.087920 0.229307
0 0.258100 0.523600 0.148440 0.227467
0 0.232600 0.505907 0.072520 0.089627
0 0.344850 0.569653 0.107540 0.235573
0 0.339420 0.502373 0.070760 0.165707
0 0.131410 0.491973 0.174020 0.176533
0 0.086490 0.699280 0.047620 0.205867
0 0.117460 0.634680 0.078920 0.313253
0 0.438390 0.531747 0.140860 0.266053
0 0.137620 0.487400 0.047320 0.058747
0 0.301180 0.612373 0.060120 0.116373
0 0.047810 0.627893 0.049100 0.113173
0 0.499000 0.560000 0.998000 0.426667
