3 0.216740 0.914970 0.184760 0.141737
3 0.076960 0.936467 0.153920 0.105150
3 0.168750 0.791048 0.143780 0.035868
3 0.334370 0.888728 0.093580 0.099012
3 0.229620 0.680359 0.075000 0.055509
3 0.129280 0.669177 0.061920 0.099850
3 0.037360 0.702994 0.074720 0.110359
3 0.358990 0.953518 0.133300 0.065778
3 0.319920 0.740284 0.132960 0.032784
3 0.177130 0.703368 0.117100 0.022485
8 0.491330 0.715883 0.031580 0.028653
3 0.368660 0.799431 0.094920 0.041856
3 0.166140 0.668772 0.051000 0.043114
8 0.382220 0.826512 0.187800 0.038713
8 0.181140 0.826707 0.194080 0.047485
8 0.302630 0.762695 0.178180 0.033952
8 0.440710 0.917380 0.131860 0.044162
8 0.048020 0.831497 0.091280 0.049880
8 0.181890 0.905374 0.197820 0.055958
8 0.177160 0.727260 0.111400 0.024581
8 0.085570 0.676587 0.078740 0.024611
8 0.486750 0.835045 0.035460 0.050150
3 0.047950 0.977754 0.093460 0.044072
8 0.191870 0.611063 0.065460 0.033862
8 0.356480 0.661557 0.123160 0.034731
3 0.266000 0.806886 0.492000 0.380240
8 0.216000 0.660180 0.428000 0.122754
