8 0.616742 0.786552 0.766516 0.426896
2 0.616070 0.799490 0.070891 0.096229
3 0.922859 0.177656 0.154281 0.347896
3 0.730273 0.156792 0.057797 0.181833
3 0.759383 0.291583 0.192234 0.134958
3 0.937820 0.189896 0.117547 0.041500
3 0.935305 0.223042 0.116234 0.055375
3 0.932844 0.264510 0.108813 0.035729
3 0.923984 0.298365 0.096031 0.036646
3 0.904086 0.332354 0.064859 0.026083
3 0.666859 0.498812 0.028531 0.070125
3 0.895156 0.388281 0.050875 0.047646
3 0.837430 0.264635 0.026578 0.024604
3 0.989227 0.091448 0.021547 0.095479
