3 0.605766 0.794988 0.029781 0.055363
3 0.636492 0.788934 0.022828 0.040023
3 0.351031 0.801066 0.028219 0.055246
3 0.780898 0.396276 0.006141 0.007681
3 0.748656 0.395445 0.006719 0.007939
3 0.818820 0.405047 0.007422 0.009813
3 0.798961 0.415234 0.007422 0.007049
3 0.389250 0.804286 0.032906 0.059532
3 0.293898 0.938759 0.041922 0.023044
3 0.338266 0.942775 0.042562 0.038759
3 0.733797 0.970152 0.110156 0.037635
3 0.321414 0.968126 0.050047 0.041311
3 0.271031 0.966803 0.044875 0.036511
3 0.482812 0.672131 0.765625 0.651054
