16 0.832375 0.783305 0.107313 0.402252
16 0.883563 0.483148 0.232875 0.966295
16 0.688102 0.783257 0.100641 0.375424
16 0.609617 0.818705 0.081422 0.362591
16 0.537469 0.821913 0.077000 0.356174
16 0.478961 0.828632 0.052172 0.337312
16 0.641180 0.455545 0.089172 0.294431
16 0.433766 0.507070 0.088969 0.320242
16 0.165313 0.475278 0.078312 0.312349
16 0.352391 0.412361 0.089906 0.402252
16 0.211313 0.819068 0.070844 0.361864
16 0.556859 0.437082 0.075406 0.406755
16 0.356734 0.801271 0.081219 0.357312
16 0.631789 0.149286 0.076859 0.296102
16 0.352344 0.498789 0.670312 0.997579
