2 0.106242 0.694688 0.212484 0.222931
2 0.283523 0.759012 0.299609 0.288295
2 0.816734 0.826580 0.333469 0.315322
2 0.406328 0.477827 0.225094 0.149085
2 0.193969 0.525894 0.212188 0.159813
2 0.105563 0.465915 0.190844 0.141559
2 0.292930 0.411809 0.182641 0.147318
2 0.202898 0.325790 0.143547 0.055821
2 0.338961 0.356455 0.137578 0.095447
2 0.177141 0.378243 0.154531 0.076694
2 0.963961 0.315312 0.072078 0.110125
2 0.492312 0.368877 0.096875 0.130811
2 0.308844 0.563545 0.242875 0.188586
2 0.246094 0.367983 0.489063 0.257796
