3 0.132047 0.574859 0.039594 0.067424
3 0.162789 0.575492 0.035641 0.064473
3 0.189250 0.574344 0.037125 0.060960
3 0.210828 0.576241 0.038437 0.063536
3 0.238906 0.574309 0.047563 0.061499
3 0.133805 0.407295 0.006266 0.005129
3 0.107039 0.398407 0.013734 0.009696
3 0.091953 0.395714 0.017656 0.011288
3 0.094219 0.412623 0.016500 0.007916
3 0.056531 0.371066 0.015938 0.010234
3 0.161703 0.456850 0.018469 0.009953
3 0.090227 0.520363 0.022172 0.010468
3 0.009305 0.387494 0.014703 0.013911
3 0.483594 0.439110 0.964063 0.241218
