5 0.757266 0.934688 0.056875 0.058042
3 0.383133 0.870292 0.042766 0.048042
3 0.246008 0.921385 0.039609 0.047063
3 0.172148 0.944969 0.050609 0.050854
3 0.321086 0.900187 0.029234 0.026083
5 0.654180 0.744854 0.012016 0.030708
5 0.661008 0.794438 0.025203 0.020667
5 0.687461 0.796031 0.009891 0.017188
5 0.576008 0.822021 0.024734 0.038500
5 0.754336 0.978052 0.077766 0.043896
5 0.803070 0.984875 0.022516 0.030250
5 0.787586 0.950479 0.029672 0.045458
5 0.813633 0.984010 0.020391 0.031979
5 0.907523 0.960677 0.076172 0.078646
5 0.814023 0.950365 0.031391 0.069729
