3 0.110078 0.251519 0.036187 0.042150
3 0.052438 0.215993 0.047375 0.033668
3 0.169992 0.203271 0.044547 0.055187
3 0.132203 0.170199 0.049469 0.038154
3 0.066445 0.255643 0.052672 0.042640
3 0.223945 0.040234 0.028922 0.036776
3 0.867938 0.097453 0.027594 0.026355
3 0.080344 0.178294 0.048125 0.022150
3 0.061687 0.044778 0.036187 0.031799
3 0.020484 0.085736 0.024563 0.043668
3 0.094500 0.302173 0.056625 0.031028
3 0.139516 0.290935 0.037406 0.036869
3 0.106219 0.209206 0.052281 0.032664
3 0.645000 0.030105 0.029500 0.018902
