3 0.636976 0.852133 0.359318 0.271141
3 0.675800 0.621930 0.118988 0.062859
3 0.828224 0.696156 0.134706 0.172281
3 0.840600 0.598766 0.110565 0.023125
3 0.827376 0.574562 0.043082 0.011750
3 0.641306 0.665547 0.196259 0.031250
3 0.554494 0.631469 0.052941 0.040844
3 0.577094 0.621227 0.036165 0.046141
3 0.714518 0.577578 0.096800 0.016406
5 0.201435 0.638961 0.402871 0.696109
5 0.082282 0.789937 0.127906 0.119844
8 0.263635 0.875242 0.515882 0.222734
8 0.815459 0.684937 0.169788 0.121562
8 0.655318 0.708937 0.266118 0.058375
8 0.517894 0.598883 0.098094 0.017578
8 0.791918 0.592820 0.273624 0.020703
8 0.484882 0.630594 0.076871 0.040844
