3 0.502445 0.370790 0.238141 0.260665
3 0.824383 0.339241 0.180797 0.260894
8 0.500000 0.736227 1.000000 0.505593
8 0.461039 0.143035 0.174141 0.077297
1 0.640094 0.847193 0.479656 0.301123
1 0.519336 0.607859 0.238141 0.208981
3 0.412266 0.086476 0.053531 0.045218
3 0.487555 0.148347 0.100047 0.123389
3 0.596281 0.171112 0.104563 0.094865
3 0.966141 0.412401 0.067719 0.290541
3 0.467883 0.231029 0.196672 0.057069
3 0.597047 0.111518 0.085312 0.034387
3 0.110648 0.214501 0.097234 0.114200
3 0.686961 0.113919 0.016484 0.047588
3 0.157414 0.126653 0.068766 0.068441
3 0.123328 0.108950 0.106156 0.112204
8 0.612375 0.245104 0.152875 0.108919
