2 0.438273 0.836620 0.077641 0.083521
2 0.376000 0.883580 0.085938 0.105000
2 0.296250 0.947218 0.104625 0.105563
2 0.370023 0.790246 0.072141 0.087582
2 0.513070 0.712383 0.073453 0.065047
2 0.389195 0.956373 0.096391 0.087254
2 0.691211 0.431585 0.036859 0.053545
2 0.432727 0.768932 0.069484 0.077113
2 0.667594 0.462864 0.039875 0.049390
2 0.686555 0.456467 0.028422 0.045188
2 0.506453 0.769131 0.078438 0.079061
8 0.283930 0.272136 0.100891 0.018216
8 0.248672 0.346514 0.137969 0.087160
8 0.051469 0.405599 0.038000 0.030023
2 0.519531 0.670188 0.507812 0.537559
