13 0.165775 0.492799 0.064683 0.088499
3 0.595708 0.853117 0.098983 0.208168
3 0.506183 0.905662 0.109667 0.188677
3 0.277117 0.761260 0.087067 0.098295
3 0.320550 0.631718 0.029067 0.142316
3 0.084358 0.858270 0.152150 0.121120
8 0.381733 0.862354 0.338067 0.270967
3 0.188458 0.684707 0.029417 0.181018
8 0.444342 0.621552 0.076650 0.127328
3 0.591275 0.874211 0.095517 0.251578
3 0.813892 0.930216 0.164450 0.138142
3 0.267658 0.630573 0.029750 0.122519
3 0.462175 0.731336 0.076083 0.060025
8 0.175492 0.904148 0.350983 0.165802
