2 0.477720 0.440030 0.156880 0.206486
2 0.323300 0.483063 0.162760 0.244384
2 0.637620 0.337282 0.164080 0.190901
2 0.612930 0.137988 0.174380 0.224625
2 0.451230 0.155045 0.160140 0.215736
2 0.497600 0.288829 0.160080 0.154354
2 0.311490 0.307673 0.170500 0.191502
2 0.328820 0.186832 0.153800 0.207297
2 0.219000 0.291502 0.101000 0.181982
8 0.500000 0.609700 1.000000 0.780601
2 0.461870 0.670135 0.166060 0.176607
2 0.733490 0.507553 0.125340 0.141712
2 0.721120 0.638168 0.160800 0.181381
2 0.204340 0.421967 0.132560 0.161171
2 0.464000 0.447447 0.756000 0.642643
