2 0.960836 0.306042 0.074828 0.056750
2 0.938633 0.283073 0.076016 0.055646
2 0.885133 0.628375 0.101359 0.069833
2 0.780633 0.631708 0.100797 0.071958
2 0.867250 0.580000 0.091594 0.072250
2 0.623320 0.643823 0.100984 0.063854
2 0.515336 0.642635 0.103328 0.066521
2 0.636672 0.417833 0.093906 0.066500
2 0.634211 0.587125 0.092422 0.075000
2 0.632352 0.528510 0.097266 0.071563
2 0.539086 0.544552 0.077141 0.057771
2 0.836055 0.363958 0.095422 0.061250
2 0.773789 0.575719 0.101266 0.073104
2 0.499219 0.634375 0.998437 0.727083
