3 0.417260 0.322711 0.082771 0.075234
8 0.500000 0.792789 1.000000 0.389641
8 0.695010 0.608719 0.560771 0.156594
3 0.298271 0.321250 0.049208 0.066281
3 0.258146 0.317773 0.047458 0.072078
3 0.444500 0.282023 0.032208 0.011547
8 0.316906 0.432703 0.632563 0.177906
8 0.214823 0.315156 0.131688 0.075094
8 0.934052 0.393617 0.131604 0.053359
8 0.462104 0.305039 0.067750 0.033891
3 0.124146 0.322047 0.067417 0.053469
3 0.196854 0.291492 0.024583 0.021359
3 0.142354 0.294359 0.026000 0.017563
3 0.071969 0.324883 0.059438 0.054984
3 0.350083 0.320430 0.056917 0.072891
3 0.222552 0.293063 0.027312 0.021500
3 0.240927 0.309414 0.060896 0.010859
3 0.226542 0.334156 0.052667 0.037969
8 0.881729 0.436156 0.236542 0.072500
