5 0.663100 0.504493 0.163680 0.253947
5 0.945070 0.457893 0.109860 0.158933
11 0.210570 0.766120 0.161700 0.463280
11 0.311240 0.695387 0.084080 0.346133
11 0.361490 0.662453 0.070380 0.296213
11 0.381100 0.644747 0.103760 0.275893
11 0.433750 0.626573 0.065540 0.248187
11 0.486920 0.583827 0.035080 0.182800
11 0.093750 0.778640 0.179700 0.406240
11 0.468930 0.596480 0.034780 0.204587
11 0.157230 0.748693 0.099620 0.408853
5 0.755720 0.474307 0.140240 0.117840
5 0.573390 0.568293 0.067740 0.140480
5 0.580210 0.609267 0.023140 0.056400
5 0.594280 0.607560 0.015080 0.045520
5 0.702840 0.560293 0.045320 0.146453
