0 0.355994 0.907516 0.176423 0.155281
0 0.800136 0.532703 0.307176 0.102906
0 0.581977 0.825461 0.211987 0.184734
0 0.798651 0.672164 0.236255 0.085797
0 0.789059 0.720367 0.208661 0.130047
0 0.667605 0.791406 0.247259 0.126219
0 0.567782 0.903844 0.265397 0.192094
0 0.362123 0.865328 0.118515 0.140063
0 0.221245 0.908969 0.060272 0.175406
0 0.887322 0.453875 0.199707 0.065656
0 0.606423 0.641750 0.183766 0.090125
0 0.729351 0.758383 0.191715 0.136141
0 0.130753 0.903453 0.107657 0.189875
0 0.454404 0.943648 0.067845 0.110828
0 0.688954 0.860844 0.276276 0.184969
0 0.498954 0.683594 0.997908 0.629687
