8 0.405617 0.193208 0.068328 0.081920
8 0.610172 0.210948 0.072500 0.123583
3 0.843703 0.199883 0.058594 0.153115
3 0.803813 0.202014 0.049219 0.154614
3 0.916219 0.214391 0.090500 0.142506
3 0.568828 0.191511 0.060344 0.121569
3 0.493656 0.195691 0.039719 0.112693
3 0.525953 0.193665 0.036094 0.113560
3 0.463281 0.190117 0.038656 0.105433
3 0.431898 0.148677 0.028484 0.017963
3 0.239875 0.199450 0.033813 0.118899
3 0.394227 0.187061 0.041422 0.086581
3 0.746328 0.177881 0.062875 0.096464
3 0.197437 0.200667 0.053406 0.125691
8 0.936547 0.167119 0.075719 0.009742
8 0.169313 0.205258 0.054531 0.114824
8 0.946727 0.137974 0.106547 0.043255
8 0.101109 0.206581 0.057531 0.118876
8 0.035297 0.205176 0.067125 0.130023
8 0.303844 0.188923 0.030937 0.106183
3 0.587906 0.136534 0.033250 0.033489
3 0.402344 0.197892 0.595313 0.152225
