13 0.334102 0.384771 0.208328 0.197542
3 0.360414 0.890646 0.263547 0.207292
3 0.112922 0.880896 0.222469 0.211250
3 0.655625 0.900000 0.300000 0.173042
3 0.907938 0.917792 0.180750 0.141875
3 0.509281 0.845385 0.197531 0.207937
3 0.690531 0.736177 0.068937 0.033688
3 0.769977 0.744083 0.045641 0.037708
3 0.326617 0.763677 0.063641 0.067313
3 0.308430 0.962917 0.337078 0.074167
3 0.054508 0.724646 0.107828 0.116417
3 0.946063 0.828146 0.103563 0.088583
3 0.768359 0.859937 0.250469 0.212375
3 0.048156 0.956885 0.096312 0.086229
13 0.756836 0.304698 0.486328 0.460938
3 0.430469 0.586458 0.470313 0.822917
