2 0.474242 0.686874 0.035391 0.026019
2 0.517656 0.686604 0.019125 0.017424
2 0.541938 0.686710 0.024563 0.018478
2 0.520680 0.774309 0.022609 0.034239
2 0.569719 0.685117 0.019281 0.021663
2 0.625852 0.769239 0.018734 0.021897
2 0.545656 0.778700 0.023875 0.035808
2 0.491055 0.783337 0.022359 0.016932
2 0.467602 0.777084 0.025234 0.031920
2 0.508680 0.654660 0.018766 0.017237
2 0.623375 0.764532 0.021250 0.026581
2 0.516570 0.679906 0.022016 0.023934
14 0.340039 0.699731 0.070953 0.100539
2 0.590297 0.679052 0.024344 0.021897
2 0.717969 0.745902 0.560937 0.278689
