5 0.844664 0.156604 0.096609 0.266875
5 0.578461 0.227948 0.078484 0.119729
5 0.927953 0.184615 0.104875 0.216271
5 0.655398 0.161396 0.065484 0.249417
3 0.111211 0.706583 0.115172 0.272958
3 0.099102 0.470708 0.111109 0.170125
3 0.183414 0.433260 0.075391 0.152896
3 0.038711 0.838708 0.077422 0.292458
3 0.925328 0.399417 0.041656 0.063625
3 0.313430 0.450990 0.072484 0.168854
3 0.600547 0.764802 0.044062 0.319854
3 0.382188 0.361396 0.028844 0.065333
3 0.349430 0.396135 0.029766 0.096563
13 0.724570 0.267885 0.038859 0.055979
13 0.505383 0.278125 0.042891 0.058917
13 0.808172 0.257344 0.043000 0.045146
13 0.411578 0.281927 0.043438 0.053229
13 0.063500 0.317698 0.034969 0.061229
13 0.111508 0.303063 0.030578 0.044667
14 0.789180 0.651125 0.120547 0.170000
14 0.660656 0.461750 0.054219 0.057292
3 0.541305 0.424583 0.036578 0.144667
5 0.470687 0.257812 0.024094 0.044667
5 0.770180 0.224219 0.047078 0.026896
5 0.614477 0.255844 0.021359 0.026604
5 0.447172 0.238552 0.045687 0.083229
13 0.660508 0.262167 0.042016 0.047042
14 0.231742 0.726969 0.102797 0.173021
14 0.338047 0.581385 0.099937 0.107604
14 0.735195 0.558656 0.099766 0.108688
14 0.627914 0.394740 0.057016 0.065437
14 0.582680 0.333927 0.039922 0.034896
3 0.558594 0.897146 0.101562 0.182292
3 0.733219 0.483604 0.065062 0.117417
5 0.529008 0.134854 0.077734 0.101750
13 0.561328 0.268646 0.042156 0.048000
13 0.049969 0.047229 0.099937 0.088292
14 0.396570 0.421969 0.038609 0.049229
14 0.846180 0.374688 0.049297 0.056125
14 0.800727 0.342281 0.046859 0.055813
14 0.749539 0.325521 0.034453 0.039833
14 0.439008 0.351000 0.045266 0.046000
3 0.545312 0.371760 0.023813 0.070604
14 0.373625 0.486906 0.051625 0.072896
14 0.489844 0.413542 0.873437 0.152083
