3 0.423732 0.416719 0.010235 0.006813
3 0.221737 0.227148 0.012113 0.007828
3 0.123615 0.406945 0.015305 0.005484
3 0.222653 0.238187 0.018638 0.013656
3 0.252735 0.235727 0.012512 0.009641
3 0.611150 0.414609 0.012676 0.004875
3 0.290481 0.224750 0.006455 0.003906
3 0.267089 0.236719 0.011080 0.009844
3 0.442347 0.230648 0.012300 0.007672
3 0.116268 0.226750 0.016620 0.007437
3 0.140751 0.216602 0.009718 0.007234
3 0.286549 0.244602 0.015728 0.009578
3 0.195129 0.223383 0.006831 0.004359
3 0.387324 0.316406 0.774648 0.223438
