2 0.564340 0.632987 0.077920 0.089707
2 0.583760 0.771573 0.070200 0.091947
2 0.528640 0.797360 0.069000 0.103040
2 0.499400 0.822160 0.065440 0.077440
2 0.411150 0.830627 0.078380 0.061733
2 0.668470 0.738547 0.069540 0.091760
2 0.327880 0.715787 0.070880 0.051520
2 0.322240 0.653013 0.076160 0.081493
2 0.278930 0.589640 0.081220 0.061200
2 0.236100 0.692093 0.076280 0.066640
2 0.257640 0.725507 0.061600 0.072453
2 0.182640 0.568080 0.065280 0.056320
2 0.195210 0.624987 0.075660 0.089227
2 0.465000 0.549333 0.526000 0.629333
