5 0.386340 0.188493 0.048320 0.150747
3 0.079580 0.543653 0.046280 0.088587
3 0.959860 0.527387 0.080280 0.251520
3 0.590720 0.368480 0.089160 0.161707
3 0.577350 0.334707 0.086540 0.129467
3 0.438130 0.259853 0.046020 0.082960
3 0.496130 0.231600 0.042020 0.035253
3 0.541310 0.264160 0.046300 0.098347
3 0.585250 0.302360 0.047980 0.081627
3 0.906740 0.797187 0.098360 0.402480
3 0.713140 0.274533 0.029560 0.070240
3 0.407080 0.309867 0.032600 0.078133
8 0.483120 0.764947 0.568840 0.438960
8 0.494810 0.301480 0.125580 0.023120
8 0.474100 0.471707 0.292120 0.192373
8 0.489330 0.355547 0.143300 0.096107
3 0.500840 0.322773 0.064520 0.147627
3 0.678000 0.513333 0.624000 0.578667
