3 0.069375 0.405750 0.102854 0.030437
3 0.866781 0.376305 0.118325 0.035641
3 0.044422 0.338406 0.088844 0.026937
3 0.869033 0.217094 0.109245 0.019563
3 0.620483 0.334672 0.096439 0.031625
3 0.910896 0.309781 0.095330 0.031875
3 0.234670 0.382172 0.111321 0.047281
3 0.275672 0.360641 0.123986 0.070563
3 0.043573 0.205078 0.083325 0.024031
3 0.961910 0.408266 0.076179 0.034719
3 0.217594 0.403898 0.145047 0.033766
3 0.937500 0.269672 0.090802 0.029656
3 0.841557 0.406000 0.128868 0.032469
3 0.498821 0.296094 0.997642 0.282813
