3 0.791740 0.534040 0.125000 0.096773
3 0.371270 0.425160 0.055540 0.094000
3 0.543440 0.441160 0.099040 0.070427
3 0.455760 0.446653 0.081440 0.136667
3 0.086800 0.809133 0.173600 0.355067
3 0.206980 0.429707 0.115400 0.169440
14 0.894250 0.645253 0.208780 0.236053
14 0.237940 0.528027 0.166480 0.172640
14 0.612740 0.363720 0.038840 0.065360
14 0.245860 0.331160 0.038560 0.051120
14 0.751500 0.546653 0.106040 0.145627
8 0.363560 0.760480 0.506400 0.479040
14 0.961570 0.531907 0.074700 0.054000
3 0.722730 0.479693 0.115460 0.152613
3 0.340680 0.504240 0.107160 0.094133
3 0.463210 0.367133 0.038900 0.029840
3 0.504240 0.540053 0.063320 0.063840
3 0.745430 0.408973 0.040780 0.035227
3 0.708290 0.935733 0.447940 0.128533
8 0.266750 0.577880 0.293340 0.134693
8 0.549560 0.371587 0.196280 0.109360
14 0.521110 0.352133 0.067580 0.070560
