2 0.334562 0.444604 0.086656 0.136302
2 0.226680 0.349849 0.100672 0.158642
2 0.277648 0.248151 0.084016 0.135245
2 0.487211 0.339887 0.094766 0.189208
2 0.500453 0.194925 0.096406 0.150075
2 0.499422 0.469868 0.096188 0.158755
2 0.413125 0.468547 0.091188 0.164038
2 0.390437 0.340094 0.091063 0.153094
2 0.406484 0.277132 0.071000 0.070943
2 0.189992 0.166792 0.087078 0.127170
2 0.331992 0.303302 0.048078 0.062981
2 0.172141 0.449868 0.080031 0.128113
2 0.084102 0.447925 0.097047 0.153660
2 0.282813 0.354717 0.565625 0.415094
