3 0.805109 0.493844 0.061500 0.055479
3 0.840633 0.563823 0.079703 0.082021
3 0.870781 0.495490 0.069250 0.056313
3 0.347961 0.401094 0.062578 0.028104
3 0.283469 0.400510 0.066312 0.029687
3 0.305836 0.375771 0.059828 0.023500
3 0.369344 0.382219 0.063250 0.027312
3 0.418320 0.359156 0.065578 0.028396
3 0.350125 0.355938 0.065750 0.021042
3 0.291391 0.063583 0.053844 0.037542
3 0.846852 0.240042 0.053172 0.036208
3 0.312289 0.483521 0.065391 0.051333
3 0.287031 0.354927 0.064187 0.019021
3 0.475781 0.309375 0.951562 0.618750
