3 0.835938 0.651686 0.227781 0.597759
3 0.301477 0.665165 0.293297 0.593255
3 0.140234 0.574800 0.148969 0.486958
3 0.053641 0.458644 0.070688 0.252335
3 0.597711 0.247842 0.028516 0.044033
3 0.507516 0.294658 0.023875 0.054080
3 0.483906 0.307830 0.039219 0.100472
3 0.612531 0.345248 0.023375 0.046675
8 0.867375 0.368231 0.062344 0.111981
8 0.607594 0.308526 0.054219 0.065920
8 0.534469 0.515731 0.547875 0.307877
3 0.624984 0.694340 0.275687 0.611321
3 0.961469 0.408231 0.057813 0.223019
3 0.819359 0.323785 0.057531 0.117429
3 0.308516 0.338868 0.042031 0.130377
3 0.564180 0.300425 0.047109 0.120472
8 0.287094 0.273467 0.018281 0.025802
