8 0.846844 0.786887 0.306312 0.399104
3 0.454453 0.884729 0.133031 0.230542
3 0.236836 0.904493 0.179047 0.188608
3 0.641641 0.865330 0.135219 0.269340
3 0.610461 0.551344 0.069234 0.094670
3 0.723742 0.636014 0.069297 0.205047
3 0.853805 0.789882 0.171203 0.393255
3 0.796937 0.535542 0.054531 0.097547
3 0.882242 0.561663 0.051516 0.076392
3 0.948992 0.452252 0.049859 0.082288
3 0.854117 0.514894 0.058703 0.172288
3 0.194562 0.547535 0.054438 0.120307
8 0.330617 0.389811 0.055734 0.079292
3 0.090141 0.594882 0.053000 0.072547
8 0.144484 0.895495 0.145156 0.209009
3 0.715266 0.575401 0.071125 0.153491
3 0.574219 0.655660 0.782813 0.613208
