3 0.301393 0.432039 0.171809 0.196609
3 0.172672 0.214000 0.086050 0.038812
3 0.146507 0.162922 0.131559 0.029219
3 0.673358 0.184445 0.075613 0.050266
3 0.787547 0.179898 0.067983 0.039172
3 0.038877 0.216852 0.071767 0.029203
3 0.402796 0.189062 0.052328 0.056344
3 0.166497 0.047891 0.118649 0.077750
3 0.712703 0.129641 0.044366 0.024031
3 0.257848 0.115461 0.072661 0.138297
3 0.310717 0.200477 0.094241 0.026672
3 0.029719 0.098797 0.055322 0.063156
3 0.428181 0.024844 0.073992 0.026031
3 0.551975 0.232813 0.891892 0.400000
