3 0.219641 0.254958 0.020281 0.018417
3 0.832703 0.218927 0.014219 0.018104
3 0.962656 0.195229 0.003375 0.004500
3 0.410391 0.305615 0.021906 0.026979
3 0.501617 0.305375 0.022266 0.021292
3 0.303281 0.220406 0.026875 0.016979
3 0.142852 0.229719 0.023953 0.033438
3 0.214648 0.206885 0.014266 0.016854
3 0.402648 0.270885 0.017453 0.022229
3 0.473813 0.287271 0.020500 0.024042
3 0.494812 0.286375 0.024719 0.018917
3 0.544461 0.310062 0.015109 0.029083
3 0.475531 0.307677 0.020063 0.019771
3 0.500000 0.233333 0.996875 0.212500
