8 0.546094 0.723917 0.907813 0.552167
8 0.595570 0.329271 0.407953 0.093708
1 0.589047 0.609740 0.352250 0.240437
3 0.757555 0.402469 0.187797 0.178104
3 0.705688 0.262510 0.091594 0.045562
3 0.715523 0.219365 0.045453 0.020354
3 0.606734 0.221365 0.057406 0.032938
3 0.519016 0.271052 0.110719 0.058521
3 0.824656 0.249208 0.066969 0.058458
3 0.944367 0.272937 0.064859 0.044542
3 0.543102 0.250635 0.041078 0.081187
3 0.771625 0.224312 0.046219 0.024583
3 0.882625 0.252344 0.033687 0.063979
1 0.802906 0.939781 0.394188 0.120438
3 0.944320 0.324458 0.049797 0.063917
3 0.408414 0.231156 0.022891 0.057646
8 0.841820 0.315875 0.181609 0.072333
3 0.820250 0.217510 0.044750 0.012687
3 0.477344 0.537500 0.954688 0.633333
