3 0.424195 0.145292 0.027078 0.036542
3 0.443844 0.150875 0.047313 0.048875
3 0.446313 0.127375 0.027906 0.052125
3 0.327313 0.151521 0.053094 0.051375
3 0.351555 0.152135 0.050828 0.049354
3 0.298859 0.194365 0.038375 0.035271
3 0.322398 0.194750 0.036141 0.034875
3 0.661781 0.357635 0.039594 0.041229
3 0.428031 0.315188 0.035125 0.076208
3 0.652531 0.199542 0.039438 0.034292
3 0.379789 0.166469 0.042609 0.074688
3 0.273281 0.193927 0.039062 0.035771
3 0.422492 0.242083 0.067328 0.067417
3 0.507812 0.267708 0.981250 0.368750
