3 0.230281 0.707412 0.094781 0.210141
3 0.358961 0.690152 0.114984 0.211499
3 0.817531 0.698044 0.113312 0.230000
3 0.797813 0.581698 0.049031 0.058665
3 0.895516 0.676124 0.069844 0.215433
8 0.305750 0.621429 0.103656 0.011522
8 0.591289 0.627330 0.033359 0.018923
8 0.779039 0.642939 0.093016 0.074918
8 0.653414 0.534590 0.076734 0.014333
8 0.795125 0.594754 0.034000 0.010960
8 0.424750 0.628489 0.077156 0.039789
3 0.831227 0.623770 0.060703 0.100656
3 0.449617 0.721593 0.067828 0.236347
3 0.438680 0.591897 0.048359 0.049415
3 0.621687 0.532002 0.018531 0.050422
3 0.288922 0.689379 0.078125 0.214824
3 0.708812 0.657951 0.051750 0.143208
5 0.861703 0.015094 0.013344 0.028735
5 0.960109 0.013279 0.029219 0.025105
5 0.759828 0.586429 0.021188 0.052576
5 0.842867 0.560504 0.030547 0.034918
5 0.924656 0.591429 0.113312 0.271897
