8 0.501727 0.751757 0.996422 0.458828
8 0.726852 0.369383 0.288328 0.050439
8 0.257664 0.331433 0.143234 0.026381
3 0.137625 0.488766 0.275250 0.240460
3 0.343422 0.426621 0.152781 0.229686
3 0.529430 0.437563 0.194078 0.228473
3 0.068148 0.359487 0.135422 0.095042
3 0.503836 0.334404 0.102672 0.034665
3 0.673266 0.321308 0.062687 0.077552
3 0.199023 0.341987 0.091359 0.082803
3 0.368578 0.316517 0.054937 0.026381
3 0.177805 0.360073 0.165797 0.119812
3 0.916852 0.400220 0.166297 0.125669
3 0.787328 0.356914 0.137094 0.083159
3 0.933812 0.461715 0.132375 0.186778
