8 0.543422 0.747479 0.366187 0.398250
3 0.074156 0.813479 0.148313 0.076417
3 0.179000 0.738010 0.121344 0.193271
3 0.190852 0.659917 0.067359 0.119750
3 0.662359 0.608635 0.072594 0.040396
3 0.439055 0.857729 0.041266 0.161917
3 0.606703 0.943500 0.196844 0.113000
3 0.560180 0.854917 0.173016 0.265542
8 0.243508 0.900000 0.483109 0.168833
8 0.642977 0.574646 0.115047 0.061667
3 0.685727 0.858302 0.086484 0.156979
3 0.693102 0.639490 0.046109 0.046229
3 0.393102 0.592562 0.031672 0.051750
3 0.577023 0.615750 0.072734 0.023667
3 0.426781 0.607260 0.028281 0.019062
3 0.611719 0.801042 0.235937 0.147917
