2 0.350500 0.622164 0.050844 0.070721
2 0.315305 0.629981 0.022766 0.046472
2 0.297828 0.630575 0.029375 0.048246
2 0.273750 0.628402 0.022312 0.045575
2 0.258430 0.625400 0.017141 0.057622
2 0.459961 0.606150 0.050172 0.030234
2 0.212539 0.624766 0.042328 0.060019
2 0.390391 0.604961 0.043688 0.025127
2 0.450289 0.676696 0.070828 0.037173
2 0.442633 0.772524 0.055297 0.037875
13 0.716812 0.109708 0.058750 0.063314
2 0.395055 0.675663 0.058109 0.037914
2 0.659703 0.690789 0.045500 0.031520
2 0.591406 0.670565 0.814063 0.382066
