2 0.372289 0.367188 0.129953 0.099917
2 0.225000 0.346073 0.126406 0.112354
2 0.500687 0.369010 0.120969 0.103938
2 0.638172 0.378927 0.109312 0.116604
2 0.675578 0.283219 0.094188 0.070104
2 0.842086 0.250198 0.087516 0.069229
2 0.741570 0.398500 0.107859 0.092125
2 0.852320 0.408438 0.124703 0.100750
2 0.953602 0.415604 0.092797 0.102500
2 0.471695 0.334667 0.107859 0.112667
2 0.463813 0.292677 0.106969 0.071312
2 0.347477 0.279833 0.118984 0.074125
2 0.089242 0.339292 0.138141 0.100958
2 0.790156 0.194958 0.072594 0.051625
2 0.513281 0.236458 0.970313 0.335417
