3 0.413805 0.860446 0.016453 0.046714
3 0.506164 0.884202 0.016578 0.044601
3 0.564508 0.869789 0.016078 0.049390
3 0.568523 0.927124 0.014172 0.046878
3 0.524125 0.812864 0.016656 0.031549
3 0.474336 0.852523 0.014828 0.040305
3 0.408094 0.937007 0.016406 0.050446
3 0.470781 0.889894 0.017844 0.041291
3 0.412789 0.895352 0.017297 0.034319
8 0.548258 0.839847 0.021609 0.019413
8 0.422117 0.928650 0.018703 0.027488
8 0.427305 0.891479 0.016922 0.030329
8 0.534195 0.717617 0.015453 0.012230
8 0.529664 0.694460 0.017266 0.015305
8 0.549086 0.879237 0.017797 0.016408
