1 0.506570 0.887171 0.184672 0.102934
1 0.353398 0.760962 0.124766 0.048028
1 0.707258 0.716150 0.124547 0.034789
1 0.751766 0.785587 0.110844 0.057934
1 0.422117 0.629472 0.059984 0.028850
1 0.650164 0.619730 0.075109 0.026408
1 0.622242 0.573451 0.062359 0.018732
3 0.178109 0.600340 0.175563 0.197535
3 0.029977 0.935845 0.059953 0.120376
8 0.545312 0.789354 0.682281 0.421291
1 0.633023 0.596197 0.076859 0.014648
1 0.672242 0.650728 0.099672 0.025681
1 0.171164 0.592207 0.051859 0.025962
1 0.613023 0.553615 0.037547 0.010892
3 0.927953 0.501749 0.020344 0.030117
3 0.123172 0.673955 0.072188 0.130117
1 0.425523 0.507195 0.027297 0.009460
1 0.425391 0.597324 0.069375 0.020563
1 0.603125 0.401408 0.746875 0.173709
