8 0.500000 0.500000 1.000000 1.000000
2 0.374203 0.322383 0.104750 0.139883
2 0.438586 0.231115 0.090859 0.114296
2 0.279375 0.191995 0.080375 0.080516
2 0.434898 0.149049 0.086328 0.085047
2 0.461336 0.063967 0.062641 0.072535
2 0.348734 0.147923 0.086625 0.079366
2 0.217203 0.148709 0.081000 0.099812
2 0.517945 0.112265 0.070578 0.096080
2 0.287937 0.322923 0.097219 0.121338
2 0.434063 0.080951 0.076406 0.075610
2 0.321977 0.063979 0.053266 0.041948
2 0.515898 0.194683 0.073484 0.107911
2 0.357812 0.078885 0.067250 0.069930
2 0.346094 0.166667 0.335938 0.314554
