2 0.235527 0.405195 0.291991 0.129859
2 0.510621 0.765805 0.337822 0.199484
2 0.291756 0.637070 0.339719 0.175922
2 0.109274 0.316031 0.218548 0.127219
2 0.067248 0.494078 0.134496 0.157000
2 0.071276 0.832500 0.142553 0.171344
2 0.421030 0.946492 0.289087 0.107016
2 0.025433 0.239555 0.050867 0.083547
2 0.535293 0.535062 0.330913 0.171437
2 0.765714 0.661055 0.342295 0.169828
2 0.068478 0.638969 0.132927 0.097969
2 0.231920 0.558734 0.184543 0.060031
2 0.914496 0.789070 0.169508 0.185734
2 0.500000 0.499219 0.995316 0.998437
