3 0.259391 0.096042 0.036656 0.073458
3 0.289438 0.086427 0.029281 0.051687
3 0.321656 0.082719 0.033156 0.053854
3 0.368531 0.125802 0.032438 0.039646
3 0.339633 0.131125 0.035953 0.045792
3 0.275414 0.136125 0.034359 0.046708
3 0.479328 0.113323 0.035094 0.046771
3 0.513430 0.110302 0.040953 0.046896
3 0.621820 0.096281 0.038766 0.044937
3 0.682586 0.089229 0.034297 0.041167
3 0.419055 0.120510 0.040484 0.049021
3 0.450070 0.117906 0.043016 0.045729
3 0.308523 0.132948 0.037266 0.044146
3 0.492188 0.213542 0.981250 0.427083
