8 0.500000 0.494927 1.000000 0.981938
0 0.388617 0.316750 0.106828 0.207292
0 0.476969 0.487635 0.124719 0.188771
0 0.236555 0.404385 0.155359 0.151229
0 0.308094 0.546396 0.148375 0.184167
0 0.478703 0.353885 0.160062 0.209646
0 0.115570 0.416385 0.131234 0.152854
0 0.201297 0.304792 0.099187 0.138000
0 0.267859 0.119667 0.103625 0.201417
0 0.389336 0.540479 0.108422 0.176458
0 0.137063 0.504490 0.103094 0.130354
0 0.220797 0.526094 0.171281 0.197854
0 0.166984 0.271479 0.151219 0.156208
0 0.346766 0.403917 0.093188 0.133917
0 0.500000 0.498958 0.996875 0.997917
