8 0.328906 0.800000 0.654687 0.377049
3 0.471539 0.544052 0.280672 0.242482
5 0.426766 0.146393 0.087156 0.283794
5 0.033250 0.260831 0.066500 0.515246
8 0.609969 0.224192 0.111688 0.038548
8 0.930156 0.489309 0.139688 0.123396
3 0.680430 0.248068 0.065984 0.094028
3 0.959742 0.621979 0.080516 0.105925
3 0.682461 0.325539 0.033234 0.101897
3 0.537219 0.290984 0.106969 0.192553
3 0.479602 0.196405 0.011266 0.030515
3 0.792742 0.260386 0.070172 0.143958
8 0.936070 0.209543 0.048766 0.021194
8 0.671141 0.176674 0.041938 0.016019
8 0.804156 0.217400 0.109125 0.022810
3 0.038039 0.596300 0.076078 0.238033
3 0.963484 0.251066 0.073031 0.116979
3 0.676312 0.223419 0.043219 0.040984
3 0.680414 0.438946 0.072766 0.166651
3 0.580422 0.178208 0.037031 0.058431
3 0.852281 0.812951 0.294719 0.364731
