5 0.257031 0.361183 0.023656 0.051245
5 0.232008 0.366919 0.021547 0.043506
5 0.291039 0.364523 0.027703 0.060664
8 0.675156 0.740591 0.645031 0.369398
8 0.484820 0.541297 0.413797 0.151846
8 0.397477 0.468568 0.341078 0.080830
8 0.609789 0.410975 0.171766 0.019793
8 0.881867 0.483558 0.236266 0.112676
8 0.101352 0.505934 0.202703 0.108672
8 0.756313 0.448340 0.139656 0.069295
5 0.179828 0.362676 0.021438 0.039751
5 0.205813 0.363444 0.022500 0.049668
5 0.664148 0.374253 0.032547 0.035934
8 0.919672 0.447303 0.160656 0.092490
8 0.363992 0.430467 0.238016 0.028734
8 0.346938 0.414793 0.185312 0.013776
8 0.433594 0.589212 0.867188 0.601660
