5 0.390422 0.568975 0.057344 0.092008
3 0.118086 0.874017 0.213922 0.251967
3 0.320320 0.821266 0.119109 0.198264
3 0.467953 0.708002 0.076906 0.131987
3 0.385148 0.711967 0.050547 0.085188
3 0.312945 0.657699 0.091266 0.042510
3 0.189281 0.624833 0.079781 0.032720
8 0.181883 0.673525 0.363766 0.084707
8 0.729297 0.893096 0.253063 0.190586
3 0.326844 0.654142 0.079344 0.055565
3 0.200891 0.601077 0.032375 0.034289
8 0.755156 0.712877 0.125312 0.109059
3 0.251219 0.624728 0.022281 0.048033
3 0.759469 0.777699 0.026937 0.072134
8 0.381891 0.611025 0.252125 0.168243
3 0.283969 0.947918 0.097250 0.080732
3 0.378258 0.877406 0.100172 0.245188
5 0.144367 0.602720 0.046984 0.121255
