3 0.105937 0.238448 0.038094 0.022396
3 0.067641 0.237677 0.041000 0.024729
3 0.070617 0.204167 0.039734 0.019375
3 0.099227 0.222552 0.033797 0.023896
3 0.658539 0.402083 0.040016 0.042667
3 0.033305 0.204563 0.031953 0.020792
3 0.061016 0.221062 0.034625 0.020417
3 0.860719 0.437063 0.037781 0.094333
3 0.853820 0.318677 0.039828 0.018104
3 0.672578 0.414740 0.041719 0.017979
3 0.060328 0.188333 0.036500 0.030167
3 0.030695 0.238375 0.033828 0.022833
3 0.603773 0.443000 0.041828 0.045542
3 0.500000 0.259375 0.996875 0.510417
