3 0.670023 0.821521 0.071703 0.120292
3 0.543180 0.564073 0.038922 0.064521
3 0.573688 0.756177 0.069094 0.105271
3 0.667383 0.738917 0.068234 0.035500
3 0.666141 0.764833 0.065219 0.028750
3 0.741172 0.833729 0.091312 0.102708
3 0.442453 0.559135 0.045344 0.076188
3 0.282406 0.648323 0.083719 0.067104
3 0.166938 0.643677 0.075219 0.067771
3 0.092594 0.638167 0.091312 0.065917
3 0.664281 0.751948 0.074031 0.038979
3 0.495273 0.553135 0.052047 0.066437
3 0.228719 0.648146 0.086969 0.065625
3 0.306250 0.590625 0.603125 0.147917
