3 0.611477 0.467062 0.013422 0.033458
3 0.415703 0.152927 0.012781 0.021604
3 0.402406 0.139354 0.016188 0.009708
3 0.920555 0.459698 0.016172 0.018729
3 0.945328 0.376115 0.004312 0.012271
3 0.491766 0.328833 0.005812 0.010583
3 0.622445 0.358865 0.011078 0.017229
3 0.568688 0.358792 0.011250 0.021333
3 0.472109 0.441375 0.013781 0.023208
3 0.574492 0.456906 0.029391 0.056271
3 0.406242 0.150219 0.011953 0.010771
3 0.133094 0.369385 0.015656 0.034312
3 0.290172 0.316177 0.007062 0.011354
3 0.598437 0.496875 0.193750 0.077083
