3 0.388578 0.062230 0.048000 0.044964
3 0.439891 0.061439 0.042063 0.041511
3 0.745969 0.120504 0.061625 0.067554
3 0.580062 0.018327 0.044625 0.031331
3 0.683578 0.021745 0.047188 0.040036
3 0.745508 0.067698 0.051453 0.064317
3 0.277305 0.118561 0.045078 0.061942
3 0.161516 0.041259 0.053438 0.082518
3 0.339062 0.063615 0.047469 0.044568
3 0.435836 0.117662 0.045672 0.064892
3 0.584305 0.062068 0.049953 0.059748
3 0.698680 0.115845 0.048547 0.056511
3 0.935750 0.108741 0.046219 0.050791
3 0.499219 0.199640 0.998437 0.399281
