3 0.274992 0.937295 0.089391 0.125410
3 0.840430 0.944415 0.103078 0.087986
3 0.563883 0.905012 0.074609 0.146230
3 0.756453 0.924075 0.082563 0.151850
3 0.430859 0.931429 0.126812 0.110164
3 0.301008 0.912073 0.113047 0.169438
8 0.598664 0.940761 0.320359 0.118478
3 0.458492 0.917646 0.112891 0.153981
3 0.033375 0.780562 0.066750 0.054333
3 0.071609 0.910679 0.040813 0.145808
3 0.139063 0.867740 0.145250 0.069110
3 0.106703 0.810129 0.053562 0.053138
8 0.136383 0.901581 0.160484 0.071265
8 0.467688 0.824906 0.093063 0.064754
