3 0.410148 0.737836 0.243297 0.248758
3 0.362523 0.684044 0.190516 0.161510
3 0.230773 0.630705 0.120703 0.180000
3 0.152805 0.587181 0.064828 0.123758
3 0.132094 0.541946 0.090188 0.079262
3 0.176852 0.609698 0.031672 0.136376
3 0.091578 0.526158 0.072094 0.080369
3 0.128875 0.575084 0.026406 0.112383
3 0.032063 0.496997 0.016406 0.078356
3 0.020508 0.480705 0.024328 0.076913
3 0.057937 0.503943 0.054781 0.090638
3 0.234867 0.623960 0.036141 0.048591
3 0.020875 0.446527 0.022594 0.068020
3 0.072656 0.528523 0.051562 0.117450
