3 0.754192 0.689328 0.096487 0.092844
3 0.948068 0.617883 0.085597 0.020672
3 0.060960 0.583094 0.065433 0.023719
3 0.264883 0.590969 0.110000 0.044031
3 0.971452 0.466703 0.057096 0.038625
3 0.953384 0.562281 0.093232 0.040469
3 0.165293 0.549195 0.049133 0.056984
3 0.687447 0.522828 0.065855 0.025844
3 0.229532 0.515820 0.027963 0.050391
3 0.261628 0.490961 0.053700 0.052703
3 0.759450 0.435477 0.066674 0.018516
3 0.765761 0.520609 0.069227 0.014906
3 0.637377 0.245234 0.047119 0.016500
3 0.498829 0.327344 0.997658 0.648438
