5 0.132000 0.526906 0.142937 0.174896
5 0.557336 0.436104 0.036359 0.072083
5 0.791133 0.524687 0.053547 0.080208
8 0.364414 0.609865 0.700578 0.162354
8 0.832750 0.682156 0.334500 0.281688
3 0.183789 0.835667 0.160453 0.328667
3 0.419562 0.805948 0.159750 0.329604
3 0.591125 0.775479 0.160281 0.315792
3 0.723203 0.661167 0.084219 0.216833
3 0.806180 0.690281 0.113047 0.236063
3 0.925852 0.879812 0.148109 0.240375
3 0.955125 0.714865 0.089750 0.169021
3 0.847453 0.555438 0.066094 0.026750
3 0.912562 0.620688 0.132594 0.121875
5 0.658312 0.449437 0.057281 0.040917
3 0.694398 0.555615 0.065891 0.054979
