3 0.431539 0.298542 0.083734 0.074042
3 0.237375 0.032271 0.047219 0.042167
3 0.113766 0.189885 0.072469 0.047188
3 0.200391 0.072083 0.057937 0.037625
3 0.234609 0.117438 0.033187 0.036625
3 0.645320 0.099979 0.081172 0.048417
3 0.293258 0.129125 0.027141 0.027917
3 0.295602 0.088833 0.034234 0.046000
3 0.057062 0.187365 0.063938 0.040979
3 0.253328 0.077729 0.060500 0.046458
3 0.461695 0.107865 0.044453 0.059271
3 0.531156 0.093729 0.041406 0.044750
3 0.351633 0.119146 0.023703 0.031625
3 0.470313 0.126042 0.937500 0.185417
