5 0.398852 0.548125 0.204109 0.331167
5 0.503945 0.309396 0.055328 0.137917
5 0.610359 0.228802 0.039500 0.112396
3 0.162094 0.803229 0.195156 0.337625
3 0.298711 0.847198 0.157391 0.276229
3 0.117742 0.580104 0.112891 0.146250
3 0.629312 0.627969 0.127969 0.146854
3 0.784273 0.854115 0.256422 0.291771
3 0.289039 0.496437 0.103641 0.189042
8 0.439414 0.780000 0.769422 0.411750
3 0.493203 0.578771 0.039750 0.130875
3 0.790898 0.801635 0.019922 0.030646
3 0.457219 0.574771 0.050875 0.117167
3 0.391969 0.441677 0.093188 0.047354
3 0.644227 0.487094 0.112453 0.168563
3 0.963234 0.765604 0.073531 0.386667
4 0.037961 0.897115 0.075922 0.185188
3 0.665625 0.505208 0.193750 0.281250
