2 0.530940 0.551000 0.045720 0.042160
2 0.572940 0.540667 0.048200 0.038400
2 0.608640 0.530773 0.047000 0.038773
2 0.562820 0.515520 0.050600 0.030240
2 0.626680 0.591133 0.054920 0.036027
2 0.647850 0.574880 0.054900 0.035467
2 0.682050 0.563160 0.052380 0.034000
2 0.774610 0.651813 0.069860 0.051627
2 0.797310 0.625547 0.062500 0.048267
2 0.802470 0.598280 0.061460 0.034213
2 0.804930 0.577947 0.055500 0.033760
2 0.591090 0.612387 0.061900 0.041253
2 0.491910 0.505480 0.036260 0.035067
2 0.548000 0.492000 0.900000 0.386667
