8 0.457782 0.636469 0.533779 0.167063
3 0.465892 0.827344 0.399390 0.320375
3 0.723099 0.709125 0.264460 0.246844
3 0.802664 0.661695 0.174812 0.217047
3 0.808228 0.557984 0.169601 0.146219
3 0.782876 0.504000 0.144014 0.066125
3 0.098134 0.703992 0.095563 0.111516
3 0.577617 0.542500 0.148333 0.083250
3 0.940892 0.574211 0.118216 0.149266
8 0.666643 0.496281 0.277981 0.030031
3 0.062594 0.779945 0.125188 0.192703
3 0.270012 0.545852 0.101150 0.023391
3 0.377746 0.542063 0.081878 0.029281
3 0.073803 0.589445 0.144930 0.114422
3 0.586608 0.480180 0.032183 0.007797
5 0.501667 0.502516 0.164131 0.141719
