3 0.936531 0.640258 0.086146 0.057484
3 0.191677 0.698109 0.106604 0.108250
3 0.905469 0.638477 0.088771 0.060234
3 0.620917 0.638867 0.039042 0.035547
3 0.381688 0.777453 0.174583 0.122438
3 0.516083 0.639664 0.043000 0.065641
3 0.866417 0.638953 0.065208 0.064531
3 0.536917 0.669258 0.051042 0.038297
8 0.717375 0.832469 0.554500 0.335062
3 0.843271 0.638687 0.046875 0.061344
3 0.652406 0.635070 0.030021 0.035922
3 0.673552 0.636125 0.035438 0.031500
3 0.692688 0.635797 0.032792 0.033063
3 0.663906 0.632703 0.020354 0.024031
3 0.560417 0.713281 0.866667 0.282813
