2 0.478907 0.638790 0.035627 0.021740
2 0.504480 0.627430 0.025600 0.020540
2 0.548147 0.633690 0.038053 0.025060
2 0.572387 0.622140 0.034480 0.023880
2 0.566933 0.395060 0.046880 0.021720
2 0.597107 0.384140 0.046267 0.031200
2 0.303427 0.388260 0.034747 0.018480
2 0.277293 0.394220 0.037840 0.016040
2 0.830453 0.524460 0.065707 0.029480
2 0.522467 0.647560 0.032773 0.021320
2 0.507760 0.397360 0.046293 0.016840
2 0.562293 0.377790 0.021173 0.014780
2 0.522373 0.384890 0.031093 0.014540
2 0.624000 0.541000 0.746667 0.422000
