3 0.082010 0.510980 0.067484 0.054771
3 0.802051 0.330482 0.027402 0.021193
3 0.160776 0.364690 0.019265 0.016863
3 0.173186 0.350515 0.018595 0.012500
3 0.105596 0.441430 0.035147 0.038415
3 0.969763 0.383276 0.017696 0.016029
3 0.748529 0.978962 0.101699 0.038938
3 0.661062 0.972745 0.081438 0.054510
3 0.521193 0.978570 0.091503 0.042859
3 0.380449 0.985359 0.093742 0.026046
3 0.793440 0.961176 0.086552 0.057157
3 0.756675 0.927377 0.058415 0.026748
3 0.924518 0.937288 0.082859 0.030327
3 0.566176 0.245915 0.795752 0.138889
