8 0.443336 0.633703 0.643203 0.705631
1 0.283312 0.851285 0.097156 0.061495
3 0.709063 0.828621 0.080500 0.342757
3 0.733742 0.610047 0.051766 0.130748
3 0.767547 0.555911 0.086063 0.247103
3 0.789320 0.515327 0.121734 0.279953
3 0.462117 0.400000 0.028547 0.125841
3 0.226180 0.600000 0.058609 0.220234
3 0.362187 0.457932 0.044344 0.141005
3 0.168742 0.940596 0.204484 0.118808
3 0.126984 0.726963 0.151781 0.343832
3 0.548039 0.325864 0.033359 0.085093
0 0.372719 0.855479 0.020063 0.022921
3 0.584727 0.919147 0.197828 0.161706
