2 0.710250 0.696667 0.057437 0.071375
2 0.340586 0.790839 0.122609 0.067739
2 0.168141 0.812273 0.076313 0.057506
2 0.451391 0.919172 0.135688 0.122401
2 0.340422 0.809790 0.668813 0.374452
2 0.483203 0.832611 0.124812 0.083730
2 0.376133 0.868415 0.081953 0.077576
2 0.555055 0.754277 0.076172 0.087995
2 0.844812 0.851690 0.119469 0.131259
2 0.689570 0.651935 0.043578 0.039301
2 0.484906 0.780676 0.101000 0.073054
2 0.704703 0.877681 0.104375 0.119277
8 0.767375 0.753928 0.465250 0.217972
2 0.551664 0.920152 0.122984 0.129207
8 0.500000 0.655851 1.000000 0.662331
2 0.482031 0.813520 0.960938 0.284382
