3 0.687578 0.363043 0.071500 0.051384
3 0.748930 0.363413 0.052734 0.050024
3 0.851500 0.366754 0.052875 0.048544
3 0.490336 0.356181 0.055547 0.045680
3 0.028687 0.330346 0.051500 0.013484
3 0.544703 0.357148 0.052344 0.049093
3 0.445016 0.354057 0.053469 0.049737
3 0.801578 0.360800 0.052344 0.043747
3 0.904344 0.368103 0.051812 0.049761
3 0.924320 0.333043 0.050141 0.018019
3 0.873422 0.332196 0.050781 0.021623
3 0.956984 0.363484 0.047125 0.034940
3 0.821766 0.331217 0.047813 0.020859
3 0.529687 0.284010 0.762500 0.210024
