2 0.261984 0.793734 0.035594 0.054079
2 0.425445 0.729320 0.022141 0.033536
2 0.556898 0.654362 0.020984 0.019603
2 0.400828 0.809310 0.025156 0.027238
2 0.362625 0.891402 0.032219 0.056485
2 0.302719 0.776799 0.033250 0.042762
2 0.227195 0.806308 0.033672 0.047720
2 0.330180 0.901674 0.035859 0.058033
2 0.509312 0.807364 0.026969 0.028452
2 0.530453 0.803086 0.021688 0.037427
2 0.290203 0.928044 0.039500 0.066799
2 0.536461 0.799634 0.020203 0.033452
2 0.257359 0.945220 0.043375 0.057092
2 0.418750 0.804393 0.106250 0.182008
