8 0.500000 0.496054 1.000000 0.979690
0 0.256569 0.719158 0.135163 0.118121
0 0.794387 0.435580 0.119101 0.112369
0 0.530302 0.497059 0.125539 0.109216
0 0.456846 0.461626 0.088366 0.099592
0 0.393056 0.445474 0.096797 0.090261
0 0.188979 0.316544 0.057435 0.090997
0 0.270703 0.210662 0.053301 0.058219
0 0.822475 0.317982 0.116846 0.101127
0 0.673031 0.573031 0.137075 0.125833
0 0.443840 0.194616 0.128399 0.106650
0 0.145743 0.629118 0.081062 0.115915
0 0.587966 0.195768 0.104428 0.098464
0 0.515245 0.299502 0.130131 0.100866
0 0.479575 0.467320 0.750000 0.656863
