3 0.281797 0.829677 0.036781 0.118104
3 0.191711 0.698646 0.048172 0.096625
3 0.138844 0.665135 0.048156 0.099354
3 0.393227 0.573177 0.033547 0.041771
3 0.253016 0.595240 0.033875 0.076437
3 0.458789 0.933917 0.066016 0.132167
3 0.477578 0.552406 0.040625 0.080563
3 0.406914 0.499458 0.019953 0.033875
3 0.604609 0.590781 0.026156 0.052896
3 0.617453 0.708792 0.043656 0.075750
3 0.761250 0.790156 0.056063 0.079479
3 0.590930 0.831865 0.060984 0.098729
14 0.318648 0.739125 0.048547 0.065917
3 0.726312 0.950104 0.043375 0.099792
8 0.187750 0.666771 0.170687 0.193958
8 0.391219 0.559750 0.160125 0.160125
14 0.393453 0.790115 0.039750 0.068646
8 0.495750 0.539979 0.102000 0.115083
8 0.524125 0.754938 0.136656 0.164167
3 0.504687 0.769792 0.918750 0.456250
