8 0.407062 0.909133 0.217406 0.128103
8 0.298953 0.689052 0.122000 0.056417
8 0.570000 0.662178 0.102125 0.041452
8 0.789156 0.805293 0.178563 0.090211
8 0.291492 0.541194 0.059547 0.014941
8 0.435438 0.563607 0.073000 0.014941
3 0.506070 0.900609 0.159266 0.197190
3 0.254820 0.926745 0.142391 0.146511
3 0.233141 0.762014 0.093063 0.196112
3 0.376148 0.740328 0.057109 0.186932
3 0.282203 0.585176 0.040906 0.036206
3 0.872969 0.913466 0.170750 0.173068
3 0.865172 0.828279 0.144406 0.198150
3 0.704172 0.804660 0.113563 0.174801
3 0.596703 0.754742 0.093063 0.175293
3 0.470148 0.580855 0.044766 0.023162
3 0.707281 0.887845 0.124875 0.224309
3 0.348586 0.825831 0.100453 0.101124
8 0.481875 0.621101 0.085281 0.066136
8 0.290023 0.617283 0.095016 0.027354
8 0.291844 0.567494 0.059031 0.011054
8 0.329867 0.508876 0.046922 0.007400
8 0.432398 0.544614 0.050984 0.027260
3 0.235820 0.608618 0.042703 0.108525
8 0.357812 0.502693 0.016625 0.024309
8 0.928906 0.533958 0.051562 0.028103
3 0.437500 0.680328 0.484375 0.414520
