2 0.190398 0.331885 0.185391 0.249438
2 0.433516 0.305979 0.197781 0.233125
2 0.633445 0.247750 0.233109 0.292792
2 0.840945 0.164708 0.180453 0.172167
2 0.856797 0.284500 0.210281 0.183333
2 0.868180 0.407979 0.220141 0.205625
2 0.886516 0.583146 0.205625 0.240458
2 0.664141 0.473312 0.232313 0.272333
2 0.272258 0.519021 0.201016 0.248458
2 0.479703 0.509031 0.190000 0.219104
2 0.100359 0.684083 0.200719 0.289125
2 0.276250 0.751302 0.196656 0.277604
2 0.485328 0.748927 0.251500 0.339021
2 0.756250 0.650000 0.334375 0.620833
