8 0.899117 0.147063 0.153516 0.096458
8 0.407805 0.623521 0.606391 0.595750
8 0.432641 0.174115 0.233125 0.091646
1 0.218422 0.441531 0.123438 0.165563
1 0.348875 0.564052 0.134844 0.148312
1 0.407867 0.660677 0.168547 0.116854
1 0.630883 0.447052 0.104109 0.117646
1 0.484445 0.304250 0.082609 0.051417
3 0.967766 0.745615 0.064469 0.199229
3 0.771813 0.887240 0.436250 0.203562
3 0.337078 0.398875 0.101125 0.168542
3 0.939125 0.237771 0.101156 0.087125
3 0.299820 0.252083 0.068734 0.192083
3 0.123203 0.738031 0.246406 0.519729
3 0.516891 0.206187 0.024125 0.078958
3 0.557297 0.188781 0.070187 0.109063
3 0.956461 0.243313 0.085578 0.185667
3 0.663180 0.196250 0.060859 0.064333
3 0.627445 0.294604 0.152266 0.176458
1 0.525156 0.259823 0.036500 0.043312
3 0.938461 0.308240 0.051141 0.112229
8 0.754719 0.250021 0.298969 0.146750
