3 0.373820 0.878885 0.290797 0.242230
3 0.670094 0.827958 0.297812 0.317653
3 0.128930 0.809683 0.233859 0.360352
3 0.874484 0.796960 0.161844 0.398803
3 0.805023 0.481455 0.090484 0.168498
3 0.120828 0.743134 0.028469 0.048897
3 0.714477 0.379131 0.028266 0.025728
3 0.768602 0.346972 0.058953 0.091268
8 0.442594 0.602594 0.688094 0.348052
8 0.771539 0.416009 0.111266 0.061221
8 0.684773 0.358322 0.031047 0.033967
8 0.623789 0.329800 0.013328 0.015423
8 0.607484 0.305927 0.026250 0.027817
8 0.492438 0.287054 0.054406 0.041901
