3 0.386953 0.645771 0.079406 0.147042
3 0.393578 0.798917 0.141375 0.175625
3 0.657297 0.900438 0.148313 0.166292
3 0.306844 0.637719 0.065000 0.167479
3 0.582852 0.676531 0.100797 0.148146
3 0.731414 0.782094 0.135141 0.272521
3 0.230719 0.589844 0.060094 0.112729
3 0.364086 0.467365 0.046172 0.056271
14 0.729047 0.574115 0.168000 0.133021
14 0.163883 0.884833 0.282422 0.230333
14 0.429492 0.526188 0.130203 0.090917
3 0.672570 0.438333 0.030953 0.038042
3 0.319477 0.491156 0.055047 0.048937
3 0.590258 0.837667 0.148047 0.215583
3 0.414797 0.472448 0.056469 0.042813
3 0.470102 0.675260 0.094547 0.203646
