5 0.689148 0.647523 0.143796 0.069828
3 0.308285 0.650891 0.058273 0.054125
3 0.391472 0.653516 0.047859 0.058125
3 0.430097 0.646477 0.035280 0.060422
3 0.462165 0.627344 0.045499 0.048688
3 0.328114 0.642656 0.045280 0.047969
3 0.347981 0.629031 0.022920 0.026844
8 0.345316 0.628672 0.054526 0.004812
3 0.620304 0.640977 0.038321 0.051672
3 0.420693 0.625922 0.034039 0.017344
3 0.438333 0.616836 0.032530 0.007703
3 0.384270 0.623383 0.031314 0.005641
3 0.305122 0.648203 0.036667 0.057750
8 0.387579 0.622188 0.053358 0.005562
3 0.520681 0.612500 0.287105 0.037500
