14 0.550340 0.606973 0.096160 0.140933
14 0.305040 0.504240 0.101640 0.116800
14 0.258000 0.453600 0.036160 0.087040
14 0.513610 0.418760 0.074340 0.078747
14 0.792160 0.381787 0.081320 0.048587
14 0.703260 0.570920 0.138320 0.146320
3 0.071110 0.615587 0.126620 0.259760
3 0.875000 0.849187 0.250000 0.301627
3 0.592520 0.393507 0.069760 0.050693
3 0.318510 0.849347 0.317540 0.275333
3 0.878660 0.414667 0.071520 0.153067
3 0.695520 0.384800 0.021280 0.039733
3 0.517750 0.379467 0.044420 0.010773
3 0.119210 0.578253 0.066060 0.118693
14 0.057590 0.467147 0.038540 0.047840
14 0.975610 0.345840 0.048780 0.046720
14 0.897050 0.540960 0.095100 0.108907
14 0.712380 0.396920 0.074960 0.046480
14 0.320630 0.450693 0.067140 0.061547
3 0.819430 0.446013 0.071740 0.178960
3 0.373080 0.426267 0.010440 0.034933
3 0.939040 0.681587 0.112760 0.072453
3 0.196230 0.652280 0.054820 0.071600
