3 0.712530 0.435893 0.023260 0.049973
3 0.635710 0.767933 0.033780 0.050747
3 0.843490 0.531133 0.022780 0.050267
8 0.598050 0.741093 0.045620 0.030400
3 0.556010 0.606973 0.064020 0.094000
3 0.586280 0.765080 0.071920 0.080987
3 0.698970 0.730213 0.054340 0.077440
3 0.753600 0.912253 0.064600 0.069893
3 0.394300 0.649400 0.083040 0.062000
3 0.480190 0.487547 0.067180 0.069867
3 0.666470 0.552747 0.090580 0.060373
3 0.167630 0.689827 0.045020 0.054427
3 0.685240 0.923400 0.089120 0.083440
3 0.452440 0.625093 0.057480 0.080160
8 0.418760 0.621773 0.063200 0.037307
8 0.457240 0.604240 0.042560 0.038720
8 0.721920 0.918973 0.073800 0.087173
8 0.706470 0.703307 0.044740 0.030773
3 0.512000 0.638667 0.912000 0.626667
