2 0.281927 0.861148 0.437229 0.275141
2 0.694562 0.736445 0.346667 0.263891
2 0.611240 0.940453 0.287646 0.119094
2 0.771573 0.546719 0.313937 0.205625
2 0.758437 0.249422 0.245125 0.099812
2 0.627542 0.362336 0.228792 0.094547
2 0.549958 0.224508 0.186250 0.062828
2 0.085583 0.777031 0.159167 0.277031
2 0.255948 0.426781 0.237229 0.137875
2 0.855083 0.388805 0.227333 0.108234
2 0.814979 0.148320 0.179792 0.062922
2 0.850250 0.097312 0.142083 0.044281
2 0.629083 0.139758 0.168833 0.055391
2 0.554167 0.203906 0.466667 0.335938
