0 0.379211 0.702110 0.047203 0.237086
0 0.405336 0.951760 0.029266 0.096480
0 0.591086 0.793310 0.066328 0.041492
0 0.596344 0.447110 0.109438 0.098834
0 0.453664 0.392517 0.079047 0.048438
0 0.461453 0.505746 0.083062 0.044592
0 0.504828 0.846667 0.098625 0.039860
0 0.072797 0.946037 0.058313 0.052960
0 0.502773 0.516119 0.024203 0.107902
0 0.665297 0.392937 0.124906 0.049930
0 0.208305 0.727401 0.221734 0.389580
0 0.669609 0.336212 0.120719 0.042261
0 0.495016 0.870967 0.042344 0.024219
0 0.421164 0.597622 0.060172 0.140280
0 0.475000 0.595571 0.840625 0.804196
