3 0.725398 0.533993 0.051359 0.109110
3 0.267312 0.528618 0.059031 0.097049
3 0.668781 0.550398 0.043281 0.097611
3 0.779047 0.532143 0.056406 0.102037
3 0.508187 0.086405 0.048719 0.043817
3 0.414594 0.075351 0.051687 0.087143
3 0.455789 0.050562 0.035984 0.033724
3 0.531836 0.125246 0.046828 0.038033
3 0.578945 0.123372 0.050422 0.033817
3 0.075875 0.251429 0.043969 0.039344
3 0.884188 0.541593 0.029437 0.079719
3 0.442055 0.118607 0.045047 0.031920
3 0.211016 0.564707 0.022875 0.058126
3 0.771094 0.156909 0.054688 0.093677
