3 0.176648 0.586896 0.027203 0.029625
3 0.157656 0.579302 0.021813 0.014813
3 0.167492 0.561625 0.018078 0.010667
3 0.184398 0.537094 0.018766 0.014021
3 0.138594 0.578104 0.018500 0.013500
3 0.714391 0.537875 0.017813 0.015833
3 0.147930 0.534604 0.017453 0.013167
3 0.157234 0.548885 0.019781 0.014521
3 0.147164 0.563490 0.019516 0.014354
3 0.643594 0.488427 0.271344 0.206896
3 0.393836 0.471406 0.012703 0.011146
3 0.361492 0.492875 0.013328 0.012458
3 0.351633 0.470771 0.013547 0.011833
3 0.243750 0.494792 0.487500 0.293750
