3 0.467633 0.631733 0.067984 0.115212
3 0.538414 0.586722 0.040891 0.098585
3 0.616500 0.619800 0.069562 0.150873
3 0.571672 0.603892 0.037219 0.125566
8 0.302898 0.861498 0.605797 0.254505
2 0.480906 0.885696 0.144406 0.137759
2 0.259195 0.755920 0.101547 0.081509
8 0.694414 0.658113 0.129922 0.180142
8 0.580539 0.558231 0.048109 0.012453
8 0.611578 0.539623 0.045594 0.020896
2 0.278164 0.856781 0.114359 0.109269
2 0.025336 0.930849 0.050672 0.093255
3 0.740484 0.594399 0.030812 0.119788
3 0.708945 0.591769 0.028234 0.096792
3 0.663031 0.544965 0.028250 0.023184
3 0.180594 0.711038 0.031688 0.059670
3 0.656844 0.642795 0.078406 0.188373
3 0.517703 0.582700 0.025750 0.086108
