13 0.626120 0.071347 0.072480 0.123600
13 0.526550 0.107213 0.094340 0.164933
13 0.657990 0.277320 0.140740 0.216507
13 0.449370 0.132080 0.074300 0.148587
13 0.800860 0.281293 0.152120 0.202853
13 0.941180 0.083520 0.117640 0.157653
13 0.556090 0.265320 0.092460 0.178427
13 0.942780 0.288733 0.114440 0.220667
13 0.748240 0.858827 0.254120 0.254133
13 0.395340 0.704547 0.113680 0.259120
13 0.374440 0.132213 0.056840 0.110613
13 0.464840 0.270760 0.081760 0.141840
13 0.532790 0.807787 0.200660 0.358453
