3 0.839133 0.124805 0.091382 0.041922
3 0.943876 0.124000 0.092529 0.043438
3 0.852330 0.195617 0.097916 0.054984
3 0.721253 0.122672 0.092904 0.040813
3 0.501112 0.283703 0.099368 0.059437
3 0.969239 0.274875 0.061522 0.040094
3 0.843080 0.160773 0.096183 0.054016
3 0.957436 0.188312 0.085129 0.044156
3 0.952482 0.159570 0.095035 0.054609
3 0.965023 0.233070 0.069953 0.049234
3 0.888454 0.378930 0.119438 0.057172
3 0.979719 0.377508 0.040562 0.061703
3 0.397775 0.154945 0.100281 0.099172
3 0.488513 0.353258 0.103630 0.108641
