0 0.148313 0.761802 0.178656 0.116854
0 0.550406 0.713146 0.044750 0.123250
0 0.160742 0.302708 0.118703 0.209000
0 0.495961 0.150500 0.075547 0.119500
0 0.759203 0.210635 0.035406 0.089771
0 0.717352 0.257917 0.060797 0.151250
0 0.717523 0.419521 0.088641 0.057750
0 0.582078 0.530552 0.085437 0.120604
0 0.236688 0.620771 0.118844 0.192208
0 0.329133 0.581969 0.072516 0.063187
0 0.380383 0.163917 0.093266 0.126625
0 0.687031 0.781667 0.106844 0.112000
0 0.750734 0.403990 0.061750 0.084771
0 0.512500 0.558333 0.940625 0.829167
