3 0.553977 0.098134 0.086641 0.019038
3 0.224039 0.372042 0.112109 0.073568
3 0.478523 0.099085 0.061734 0.019437
3 0.798750 0.444155 0.083000 0.046761
3 0.903016 0.292148 0.039344 0.040728
3 0.144563 0.339096 0.059500 0.040915
3 0.987328 0.150481 0.025344 0.057535
3 0.978766 0.198627 0.042469 0.045986
3 0.862031 0.338650 0.092594 0.058333
3 0.233164 0.448944 0.089047 0.092535
3 0.017211 0.393286 0.034422 0.179718
3 0.279547 0.423955 0.046656 0.035986
3 0.229703 0.180012 0.091156 0.021714
3 0.490625 0.137324 0.978125 0.274648
