13 0.690344 0.296148 0.185271 0.165328
3 0.182083 0.577422 0.358417 0.458063
3 0.250896 0.890320 0.392833 0.219359
3 0.208125 0.286062 0.163792 0.137125
13 0.978438 0.677297 0.043125 0.155406
13 0.803594 0.254055 0.152479 0.131453
14 0.548844 0.741984 0.310229 0.281875
14 0.537729 0.643242 0.226417 0.125922
3 0.260875 0.172992 0.108417 0.119391
14 0.268542 0.171250 0.081042 0.050969
14 0.391271 0.376734 0.170292 0.112125
13 0.509563 0.151039 0.089958 0.101203
13 0.368781 0.213687 0.128938 0.097219
13 0.397948 0.138758 0.053562 0.064516
13 0.600573 0.186211 0.089646 0.110141
3 0.205177 0.372305 0.213896 0.173703
