8 0.158906 0.577688 0.050187 0.016221
8 0.174383 0.550634 0.048359 0.015352
8 0.195141 0.505469 0.074844 0.071362
8 0.131430 0.555998 0.041547 0.025939
8 0.210695 0.442993 0.060766 0.014437
8 0.218031 0.430047 0.057906 0.008685
8 0.085828 0.606197 0.105719 0.016808
8 0.114375 0.582805 0.047344 0.026737
8 0.192305 0.496854 0.041547 0.015399
8 0.158961 0.495833 0.037141 0.011620
8 0.220070 0.458815 0.029953 0.010399
8 0.189148 0.457817 0.036609 0.010423
8 0.227719 0.416608 0.059562 0.019554
8 0.098437 0.481221 0.193750 0.314554
