3 0.476633 0.098891 0.177578 0.156904
2 0.410461 0.592908 0.146047 0.170837
2 0.274688 0.664958 0.173437 0.187197
2 0.205242 0.560481 0.168016 0.167280
2 0.328945 0.492040 0.133859 0.136548
2 0.429570 0.449634 0.120547 0.115418
2 0.514242 0.520492 0.132516 0.131987
2 0.513078 0.674477 0.173969 0.171381
2 0.608758 0.593849 0.137703 0.130669
2 0.378336 0.775188 0.188484 0.204435
2 0.071406 0.633912 0.142813 0.159289
2 0.220148 0.878180 0.204328 0.212971
2 0.126031 0.761412 0.173687 0.205167
8 0.667000 0.555052 0.666000 0.849435
2 0.520844 0.343264 0.108688 0.066067
