2 0.473184 0.831086 0.145849 0.085391
2 0.346899 0.825000 0.132005 0.071750
2 0.154092 0.869234 0.120731 0.058000
2 0.171698 0.944180 0.122594 0.062578
2 0.612630 0.834984 0.124316 0.084312
2 0.738090 0.851750 0.138491 0.078094
2 0.717123 0.793469 0.138491 0.072125
2 0.608349 0.764188 0.122547 0.068469
2 0.335908 0.766180 0.126816 0.062078
2 0.459682 0.712430 0.127854 0.060359
2 0.471663 0.766977 0.140731 0.069047
2 0.576392 0.707664 0.104764 0.063016
3 0.248290 0.601977 0.046722 0.065422
3 0.661580 0.242602 0.377594 0.264266
8 0.501686 0.816922 0.996627 0.364656
2 0.689363 0.717633 0.124104 0.068734
2 0.122642 0.847656 0.240566 0.301563
