13 0.084187 0.696189 0.148500 0.358106
4 0.637281 0.753764 0.302625 0.466651
3 0.712891 0.607275 0.085875 0.174273
3 0.849133 0.678961 0.151453 0.181293
3 0.703742 0.461767 0.051078 0.112818
8 0.776281 0.562540 0.166250 0.104111
16 0.182742 0.826166 0.039359 0.032841
16 0.191594 0.750266 0.042281 0.028199
16 0.197914 0.737321 0.037828 0.021293
3 0.708648 0.491721 0.042359 0.063256
3 0.879391 0.562714 0.073469 0.145566
3 0.391852 0.584215 0.104516 0.208799
3 0.594625 0.416767 0.026969 0.097321
3 0.594258 0.381536 0.027016 0.061363
