3 0.328273 0.315925 0.027172 0.035176
3 0.338281 0.302681 0.025688 0.035152
3 0.371750 0.293923 0.024656 0.026534
3 0.365305 0.307892 0.021984 0.010258
3 0.417187 0.250281 0.022969 0.027869
3 0.448352 0.237693 0.021797 0.030515
3 0.445492 0.245398 0.020422 0.017119
3 0.441422 0.264625 0.023031 0.026300
3 0.284828 0.283794 0.023750 0.030398
3 0.253164 0.285785 0.024734 0.034098
3 0.276633 0.301148 0.021641 0.023044
3 0.299563 0.317201 0.022750 0.033607
3 0.398883 0.289941 0.025359 0.013794
3 0.510938 0.281030 0.621875 0.177986
