3 0.249000 0.606226 0.120219 0.114811
3 0.044320 0.535354 0.074016 0.077264
3 0.884078 0.779281 0.165625 0.227476
8 0.471945 0.867417 0.917078 0.242712
8 0.787563 0.649434 0.401969 0.139340
8 0.133203 0.607311 0.129125 0.115519
3 0.098000 0.745000 0.128406 0.175566
3 0.032828 0.796297 0.063500 0.327689
3 0.572648 0.609222 0.076828 0.081840
3 0.653422 0.963314 0.265000 0.073373
3 0.450602 0.525672 0.063297 0.061344
3 0.433852 0.561191 0.071078 0.060024
3 0.622867 0.480814 0.034203 0.055495
3 0.632859 0.550896 0.097812 0.082406
8 0.343039 0.568974 0.155172 0.072335
8 0.464453 0.499670 0.106500 0.024009
8 0.064375 0.479599 0.046656 0.019906
3 0.547930 0.493691 0.074828 0.063278
3 0.499219 0.707547 0.998437 0.570755
