3 0.242098 0.410650 0.164585 0.137626
3 0.321935 0.910984 0.131545 0.092634
3 0.634943 0.350813 0.047220 0.087187
3 0.602268 0.434195 0.083041 0.123382
6 0.723715 0.736935 0.168829 0.213740
3 0.745244 0.282407 0.114780 0.054829
8 0.802927 0.398650 0.376130 0.200455
14 0.864480 0.292829 0.088829 0.090472
14 0.100862 0.448967 0.182309 0.094390
14 0.733325 0.397593 0.093740 0.053789
3 0.562935 0.356504 0.109057 0.223024
3 0.838976 0.294065 0.097756 0.032358
5 0.052236 0.151837 0.034163 0.044520
5 0.079049 0.152976 0.035854 0.046602
8 0.353244 0.948049 0.285707 0.077919
