3 0.335960 0.517594 0.136885 0.111844
3 0.879215 0.671438 0.240258 0.220000
3 0.704133 0.770352 0.238712 0.307828
3 0.982190 0.486367 0.035621 0.095984
8 0.425960 0.686320 0.851920 0.363203
1 0.506616 0.653109 0.116136 0.063438
1 0.413443 0.638156 0.148899 0.042750
1 0.539473 0.584313 0.183770 0.037000
1 0.592084 0.537703 0.080422 0.020000
1 0.661803 0.543375 0.074754 0.021969
1 0.238126 0.634695 0.046136 0.016984
1 0.739157 0.483102 0.037143 0.029609
1 0.428138 0.573586 0.022881 0.015578
1 0.149918 0.757930 0.022740 0.022766
1 0.546030 0.520516 0.024145 0.008625
