2 0.821992 0.470574 0.057266 0.070984
2 0.777414 0.406874 0.056109 0.084098
2 0.751352 0.350433 0.043516 0.052342
2 0.342664 0.357506 0.124328 0.117588
2 0.488945 0.432354 0.054797 0.080211
2 0.481828 0.360562 0.048250 0.061405
2 0.813266 0.406897 0.029219 0.062037
2 0.737477 0.301721 0.040141 0.052810
2 0.210367 0.498431 0.145297 0.176206
2 0.931414 0.506874 0.093172 0.077494
2 0.220953 0.353244 0.126500 0.124660
2 0.888383 0.506733 0.071891 0.076885
8 0.245180 0.718173 0.490359 0.563653
2 0.846883 0.516522 0.056047 0.039789
