5 0.353980 0.816147 0.216920 0.242160
3 0.837900 0.620427 0.179040 0.324747
5 0.114880 0.663560 0.118520 0.281040
5 0.203940 0.691827 0.089240 0.303120
5 0.258840 0.706613 0.145040 0.235147
5 0.187680 0.441867 0.178280 0.167680
5 0.392730 0.203773 0.081060 0.122907
5 0.509830 0.688080 0.254500 0.537067
5 0.779500 0.838640 0.251120 0.262933
5 0.702810 0.735267 0.121340 0.298853
5 0.448860 0.340587 0.083520 0.129333
5 0.049840 0.602800 0.059280 0.097013
5 0.844380 0.576413 0.124720 0.123600
5 0.920930 0.810240 0.156820 0.178613
5 0.234000 0.569333 0.404000 0.242667
