3 0.911258 0.568040 0.175547 0.217817
3 0.844375 0.485376 0.136125 0.125822
3 0.777594 0.408779 0.082312 0.060376
3 0.626844 0.338615 0.075938 0.041784
3 0.847773 0.850563 0.304453 0.298873
3 0.650586 0.421585 0.131078 0.149178
3 0.534492 0.296667 0.071922 0.042394
3 0.486539 0.283721 0.052484 0.044061
3 0.107086 0.475528 0.092641 0.084906
3 0.097859 0.745528 0.157094 0.508474
3 0.027187 0.335000 0.054375 0.143756
8 0.574859 0.698709 0.579187 0.296103
8 0.445484 0.514331 0.461094 0.085939
8 0.362203 0.432465 0.378625 0.080516
3 0.101000 0.464707 0.084687 0.114906
3 0.619164 0.310939 0.044234 0.035399
3 0.278125 0.465962 0.556250 0.532864
