8 0.451008 0.583727 0.902016 0.808956
8 0.119492 0.360585 0.238984 0.158330
8 0.113930 0.216848 0.210328 0.081962
8 0.658148 0.189739 0.170078 0.085950
1 0.261281 0.798424 0.522563 0.380647
1 0.475383 0.363006 0.026016 0.022881
1 0.395305 0.415981 0.038984 0.031879
3 0.252117 0.501889 0.116828 0.170000
3 0.200984 0.278653 0.085781 0.076388
3 0.590203 0.318967 0.065156 0.239645
3 0.652688 0.336367 0.055813 0.118246
3 0.708695 0.258664 0.020234 0.078664
3 0.730852 0.271211 0.042797 0.047557
3 0.605281 0.376054 0.072000 0.116326
3 0.901078 0.707860 0.194000 0.446117
3 0.433883 0.205908 0.053609 0.052902
3 0.759555 0.894384 0.131766 0.211232
3 0.123695 0.433372 0.145484 0.148873
8 0.472609 0.244948 0.104281 0.085386
8 0.433594 0.158173 0.091281 0.027745
3 0.210078 0.228935 0.050781 0.056534
3 0.532484 0.340094 0.073938 0.241148
8 0.913836 0.178267 0.051109 0.017787
8 0.089695 0.159311 0.083828 0.052651
8 0.021109 0.192495 0.040438 0.027704
3 0.251563 0.487474 0.503125 0.645094
