3 0.848703 0.235476 0.038187 0.041253
3 0.386211 0.233933 0.031828 0.036218
3 0.749961 0.220777 0.022078 0.034408
3 0.623703 0.203654 0.042312 0.039884
3 0.540023 0.194849 0.040953 0.041392
3 0.779898 0.225615 0.039547 0.039350
3 0.352211 0.229246 0.042172 0.039142
3 0.813312 0.232332 0.036719 0.035986
3 0.581852 0.197262 0.048516 0.041160
3 0.318344 0.225441 0.038031 0.038353
3 0.141102 0.058782 0.040422 0.036125
3 0.602227 0.074524 0.040203 0.076195
3 0.100930 0.051995 0.039266 0.035499
3 0.343750 0.139211 0.659375 0.222738
