8 0.500000 0.499094 0.979875 0.944062
2 0.484391 0.635240 0.263719 0.336146
2 0.524867 0.319500 0.210547 0.207375
2 0.579859 0.438333 0.195875 0.177042
2 0.344664 0.393708 0.230891 0.276417
2 0.178648 0.715052 0.185391 0.222479
2 0.826672 0.364177 0.141000 0.118438
2 0.670609 0.725885 0.128031 0.115312
2 0.725063 0.581958 0.226688 0.280125
2 0.212891 0.516937 0.246094 0.182292
2 0.656313 0.193302 0.169313 0.244979
2 0.299000 0.741750 0.196156 0.261542
2 0.365312 0.208490 0.187906 0.171354
2 0.080844 0.564927 0.157781 0.241563
2 0.492969 0.469792 0.739062 0.806250
