3 0.199273 0.777553 0.109484 0.101129
3 0.255523 0.829071 0.115891 0.100682
3 0.313578 0.782212 0.110844 0.117224
3 0.424039 0.744459 0.111984 0.072118
3 0.353305 0.819424 0.073016 0.097012
3 0.520805 0.741447 0.080953 0.069765
3 0.484016 0.818247 0.084906 0.095882
3 0.308852 0.917035 0.111672 0.152471
3 0.463344 0.909294 0.057750 0.153224
3 0.674336 0.876953 0.098734 0.107600
3 0.656203 0.939376 0.095812 0.121247
3 0.203164 0.926694 0.160484 0.141529
3 0.610594 0.965800 0.124188 0.046753
3 0.551562 0.758824 0.893750 0.345882
