8 0.409570 0.604122 0.260328 0.193724
3 0.149383 0.258244 0.061859 0.155269
3 0.556984 0.905621 0.259375 0.166276
3 0.072797 0.242681 0.051562 0.119836
8 0.226930 0.199602 0.087797 0.075316
3 0.686859 0.321054 0.058719 0.095176
3 0.921063 0.854543 0.143844 0.249368
3 0.113828 0.839578 0.165750 0.320843
3 0.841984 0.340386 0.051250 0.114122
3 0.403914 0.325644 0.017641 0.084403
3 0.042906 0.721440 0.072250 0.402600
3 0.458586 0.164379 0.047422 0.104309
8 0.344297 0.112693 0.017313 0.024965
8 0.650430 0.523290 0.064766 0.171499
8 0.071742 0.167225 0.016203 0.009859
8 0.661469 0.200410 0.035469 0.027190
3 0.339898 0.192447 0.024953 0.115152
3 0.901602 0.331698 0.072703 0.120211
