3 0.854789 0.043715 0.033828 0.020764
3 0.669359 0.208567 0.046312 0.046730
3 0.722656 0.176444 0.037750 0.025202
3 0.779531 0.214098 0.036844 0.040594
3 0.814961 0.218535 0.035703 0.042675
3 0.850852 0.221911 0.041797 0.049682
3 0.834016 0.185775 0.043188 0.024459
3 0.686984 0.174703 0.037469 0.027240
3 0.891016 0.221242 0.041844 0.036157
3 0.773758 0.267505 0.044172 0.063758
3 0.923031 0.227643 0.023625 0.046242
3 0.661219 0.260998 0.037969 0.065308
3 0.386633 0.233429 0.034797 0.039257
3 0.504687 0.154989 0.987500 0.263270
