3 0.394680 0.055708 0.328766 0.109958
8 0.728898 0.961750 0.542203 0.076500
2 0.171172 0.561177 0.187062 0.209396
2 0.863172 0.632885 0.182438 0.261271
2 0.200820 0.413115 0.177422 0.156812
2 0.392180 0.370302 0.192078 0.186562
2 0.535469 0.627802 0.178125 0.188729
2 0.706109 0.678281 0.127094 0.253271
2 0.388086 0.527500 0.243266 0.199042
2 0.785969 0.489615 0.167031 0.166479
2 0.739023 0.362292 0.167266 0.122333
2 0.657523 0.462865 0.084297 0.133396
2 0.569508 0.347104 0.182859 0.110458
8 0.932266 0.135000 0.135469 0.125583
