3 0.332941 0.100850 0.121849 0.053700
3 0.728613 0.259550 0.129048 0.042700
3 0.327955 0.153900 0.123417 0.053120
3 0.456653 0.153780 0.119804 0.054840
3 0.446471 0.203530 0.122465 0.047540
3 0.589090 0.213840 0.126695 0.053800
3 0.721022 0.215090 0.129272 0.055540
3 0.851134 0.159000 0.122773 0.054880
3 0.722325 0.164040 0.122745 0.049440
3 0.966849 0.218080 0.065014 0.055000
3 0.585658 0.258570 0.120616 0.034940
3 0.458375 0.104310 0.125098 0.048660
3 0.200294 0.153640 0.132801 0.052480
3 0.556022 0.155000 0.882353 0.274000
