3 0.057102 0.343157 0.085547 0.177005
3 0.131773 0.339412 0.045141 0.164539
3 0.041398 0.240945 0.058172 0.029585
8 0.827953 0.479459 0.344094 0.330668
8 0.545680 0.543318 0.843953 0.886406
0 0.679086 0.380346 0.015141 0.016590
0 0.672141 0.396509 0.013500 0.015922
0 0.659875 0.386475 0.015969 0.018571
0 0.664508 0.363353 0.014453 0.025138
0 0.642203 0.406371 0.015344 0.020853
0 0.584266 0.394205 0.010344 0.020576
0 0.597484 0.397984 0.009312 0.016797
0 0.604242 0.403353 0.032422 0.027765
2 0.944875 0.384700 0.023250 0.015438
2 0.941273 0.367028 0.019547 0.027143
2 0.918242 0.375783 0.024047 0.023594
2 0.930555 0.395565 0.019078 0.017166
2 0.966133 0.382097 0.019453 0.019217
2 0.903797 0.382765 0.019688 0.028387
3 0.130508 0.190749 0.019797 0.012604
3 0.086320 0.199194 0.028828 0.010415
3 0.124672 0.217938 0.038750 0.020714
3 0.029141 0.215864 0.032344 0.021498
3 0.178703 0.212419 0.024625 0.015945
3 0.031023 0.189793 0.021891 0.013687
3 0.120383 0.243260 0.033672 0.025737
3 0.138859 0.206751 0.040156 0.026820
3 0.009250 0.362154 0.014813 0.148687
8 0.055313 0.281244 0.110094 0.097650
2 0.954328 0.399724 0.021313 0.015714
2 0.918828 0.396336 0.015344 0.015253
5 0.510719 0.143180 0.130344 0.282627
0 0.634102 0.397224 0.028109 0.034032
