8 0.520513 0.663672 0.950774 0.644937
1 0.785209 0.815555 0.184184 0.078828
1 0.369059 0.793211 0.130167 0.079203
1 0.676182 0.441352 0.082741 0.036516
1 0.644132 0.378578 0.095837 0.020219
1 0.420146 0.364008 0.066527 0.020016
1 0.664393 0.599938 0.130711 0.074250
1 0.338483 0.623219 0.153452 0.069656
1 0.242207 0.433977 0.107720 0.068891
1 0.354111 0.199797 0.051109 0.049219
8 0.818556 0.250609 0.231464 0.091156
1 0.809153 0.438000 0.079477 0.069469
1 0.773630 0.191820 0.031862 0.027766
8 0.083462 0.280227 0.102866 0.027516
