3 0.283640 0.387657 0.070120 0.083134
3 0.047430 0.320224 0.073780 0.078657
3 0.114430 0.180776 0.035140 0.068299
3 0.209830 0.310716 0.070620 0.067224
3 0.279460 0.323328 0.071480 0.091015
3 0.060110 0.300373 0.072340 0.091970
3 0.058170 0.239075 0.069940 0.052179
3 0.014390 0.256776 0.028780 0.105612
3 0.205770 0.391030 0.081700 0.085761
3 0.015160 0.177896 0.030320 0.060687
3 0.051250 0.396179 0.077260 0.083343
3 0.123170 0.395687 0.073100 0.072746
3 0.201370 0.243328 0.065620 0.064985
3 0.379000 0.207463 0.710000 0.140299
