0 0.729680 0.472833 0.094922 0.127500
0 0.627391 0.461115 0.019656 0.082938
0 0.689109 0.379708 0.034281 0.026792
0 0.617945 0.434396 0.024266 0.068458
0 0.501570 0.478177 0.020078 0.034521
0 0.573984 0.433646 0.073063 0.091542
0 0.598398 0.407563 0.028734 0.028583
0 0.530922 0.476240 0.010500 0.009646
0 0.714891 0.484479 0.013750 0.023333
0 0.732930 0.433354 0.035609 0.042958
0 0.341805 0.490083 0.073422 0.053042
0 0.427648 0.600604 0.060641 0.025000
0 0.505320 0.442625 0.022234 0.072333
0 0.549219 0.435417 0.454688 0.229167
