3 0.183107 0.732523 0.360701 0.230422
3 0.153084 0.859141 0.306168 0.281719
3 0.216636 0.608289 0.433271 0.102266
3 0.477290 0.553117 0.233178 0.025703
3 0.150164 0.523969 0.300327 0.106719
3 0.163949 0.494680 0.122150 0.053984
3 0.445199 0.503727 0.120911 0.018422
3 0.556192 0.738242 0.582336 0.044672
3 0.233820 0.501883 0.122687 0.091734
6 0.517932 0.674555 0.400444 0.054609
6 0.514404 0.585938 0.333949 0.020469
6 0.524077 0.614500 0.207220 0.023094
6 0.465853 0.563930 0.234416 0.026016
6 0.479930 0.535352 0.246121 0.017453
6 0.467173 0.526430 0.187336 0.007391
3 0.437418 0.481219 0.097921 0.032094
3 0.657243 0.473758 0.121729 0.039516
3 0.480409 0.457867 0.016379 0.014172
6 0.539065 0.739508 0.620280 0.046922
6 0.457465 0.518875 0.150678 0.007781
