3 0.305844 0.306531 0.036281 0.031229
3 0.264484 0.305135 0.032438 0.032271
3 0.124797 0.282052 0.043562 0.032271
3 0.165852 0.278667 0.041484 0.029667
3 0.205648 0.278958 0.038641 0.033875
3 0.083664 0.282250 0.043859 0.033875
3 0.283617 0.281771 0.040266 0.033958
3 0.318727 0.280104 0.039609 0.031292
3 0.397172 0.281562 0.037344 0.033667
3 0.359563 0.282677 0.042469 0.036188
3 0.579641 0.178812 0.033156 0.028208
3 0.430844 0.278208 0.036844 0.026083
3 0.457734 0.305448 0.036156 0.029562
3 0.499219 0.164583 0.998437 0.329167
