2 0.711195 0.429667 0.198047 0.105124
2 0.593562 0.513276 0.128031 0.118705
2 0.718742 0.534905 0.209172 0.129695
2 0.699453 0.642124 0.222812 0.115295
2 0.529023 0.702467 0.173578 0.153276
2 0.556703 0.581333 0.117969 0.148305
2 0.711773 0.743333 0.229266 0.110895
2 0.500859 0.805752 0.190594 0.143124
2 0.834516 0.616219 0.115531 0.087067
2 0.867766 0.690495 0.135875 0.128381
2 0.704195 0.845581 0.239141 0.117562
8 0.501844 0.850562 0.996312 0.276400
2 0.893820 0.811686 0.168328 0.153238
2 0.839695 0.520848 0.098297 0.107410
