2 0.352390 0.471963 0.068660 0.058225
2 0.350110 0.392212 0.066100 0.059375
2 0.357080 0.429925 0.065640 0.051900
2 0.422350 0.460250 0.068220 0.060800
2 0.356740 0.528675 0.074840 0.064850
2 0.417740 0.380700 0.072560 0.059450
2 0.421340 0.417762 0.056800 0.041725
2 0.431540 0.515362 0.075360 0.067375
2 0.079120 0.564237 0.078560 0.065225
2 0.096740 0.504388 0.076200 0.068525
2 0.112810 0.452987 0.079540 0.062875
2 0.037430 0.467225 0.074860 0.057550
2 0.492410 0.456538 0.068980 0.067975
2 0.499000 0.432500 0.998000 0.735000
