3 0.138000 0.652260 0.064760 0.102066
3 0.184060 0.651991 0.047200 0.099731
3 0.365690 0.638278 0.053140 0.079970
3 0.325760 0.640719 0.056080 0.081437
3 0.536930 0.625479 0.040420 0.063713
3 0.550630 0.625195 0.038500 0.060449
3 0.568730 0.623398 0.034780 0.058832
3 0.699030 0.610105 0.033500 0.049072
3 0.717790 0.611931 0.018500 0.046677
3 0.019420 0.658353 0.038840 0.116347
3 0.061160 0.658129 0.062680 0.111287
3 0.492220 0.631811 0.074920 0.066677
3 0.622890 0.616183 0.056220 0.052246
3 0.854000 0.591317 0.272000 0.140719
