3 0.072484 0.794135 0.144969 0.372146
3 0.269633 0.611542 0.080016 0.190625
3 0.305703 0.520635 0.073031 0.132438
3 0.907164 0.842031 0.072547 0.315938
3 0.874633 0.652865 0.067109 0.214146
3 0.837633 0.498448 0.053766 0.165563
3 0.808141 0.456198 0.035313 0.140687
8 0.624734 0.341281 0.117875 0.048521
8 0.805305 0.353448 0.107141 0.047979
8 0.882328 0.452146 0.057156 0.128042
3 0.848156 0.547063 0.062062 0.179292
3 0.682875 0.374083 0.052844 0.078250
3 0.375164 0.430615 0.021766 0.032938
3 0.604688 0.304885 0.035500 0.040479
3 0.503000 0.395917 0.030187 0.092208
8 0.496859 0.679187 0.416125 0.561708
