0 0.599180 0.664415 0.051766 0.194543
0 0.564289 0.578150 0.029266 0.127728
0 0.548875 0.573314 0.024406 0.105176
0 0.689484 0.670164 0.030375 0.155831
0 0.669297 0.633501 0.046812 0.115855
0 0.467398 0.653899 0.197266 0.315574
0 0.803836 0.662049 0.029984 0.122740
0 0.813422 0.702822 0.027563 0.135527
0 0.722016 0.642693 0.041188 0.130726
0 0.616367 0.670667 0.018141 0.041569
0 0.635539 0.612881 0.025484 0.080984
0 0.643977 0.673583 0.044109 0.121358
0 0.550961 0.604977 0.049641 0.145082
0 0.634375 0.740047 0.343750 0.379391
