3 0.155613 0.269820 0.027723 0.073078
3 0.957333 0.875062 0.084538 0.242156
8 0.470064 0.531453 0.507038 0.936469
3 0.016656 0.569078 0.029395 0.074563
3 0.182731 0.189828 0.060048 0.063406
8 0.889268 0.139305 0.135701 0.053703
8 0.034960 0.151648 0.067627 0.073422
3 0.037404 0.470961 0.074809 0.150359
3 0.817643 0.550398 0.082611 0.055328
3 0.099419 0.342898 0.071067 0.080203
3 0.698758 0.210602 0.029140 0.058578
3 0.793758 0.119023 0.068758 0.130422
3 0.704642 0.069148 0.099252 0.133547
3 0.641385 0.102328 0.030446 0.046094
3 0.718702 0.649438 0.136736 0.047094
3 0.620167 0.400953 0.038105 0.013406
