3 0.109797 0.560813 0.212844 0.340083
3 0.087859 0.361437 0.111406 0.103167
3 0.165828 0.315344 0.120094 0.093396
3 0.091156 0.278854 0.066687 0.061958
8 0.499719 0.785396 0.999437 0.402250
2 0.349281 0.886344 0.073906 0.090021
3 0.032547 0.323083 0.065094 0.170333
3 0.278750 0.270875 0.077438 0.045167
3 0.398078 0.322542 0.079625 0.053667
3 0.143094 0.249969 0.030844 0.038021
3 0.310453 0.261740 0.032188 0.050146
8 0.206516 0.317375 0.261563 0.078542
2 0.399195 0.829865 0.075422 0.081937
2 0.323383 0.812990 0.077922 0.103896
2 0.421820 0.888823 0.079484 0.060146
3 0.398305 0.277615 0.060266 0.058771
8 0.174352 0.392208 0.224016 0.083125
8 0.057180 0.223167 0.041953 0.031333
3 0.259063 0.239760 0.041063 0.025313
3 0.272031 0.229146 0.037906 0.023958
