3 0.939508 0.837634 0.120984 0.324731
3 0.451883 0.361774 0.033547 0.120896
3 0.483609 0.421989 0.027375 0.169498
3 0.482469 0.329247 0.026969 0.081505
3 0.431523 0.489892 0.046047 0.224731
8 0.416805 0.912670 0.461859 0.174659
8 0.694727 0.531165 0.291609 0.164480
3 0.142180 0.573477 0.032766 0.118853
3 0.507844 0.407939 0.031062 0.105699
3 0.738164 0.658638 0.067078 0.072043
3 0.934266 0.458441 0.018313 0.077527
8 0.553187 0.378674 0.133844 0.161792
3 0.856594 0.789373 0.128406 0.387419
3 0.955727 0.580627 0.084984 0.261685
3 0.879891 0.558477 0.016719 0.112222
8 0.358117 0.396129 0.159266 0.109821
8 0.689977 0.366308 0.058234 0.104158
8 0.442758 0.860054 0.074609 0.064409
8 0.439359 0.315036 0.047969 0.044839
8 0.983969 0.463835 0.032063 0.092975
8 0.877641 0.377079 0.140688 0.051792
8 0.689117 0.294677 0.054734 0.013369
8 0.977836 0.894032 0.044328 0.127276
3 0.446633 0.462849 0.022234 0.199606
3 0.465625 0.288530 0.046875 0.060932
