3 0.391300 0.699293 0.191960 0.139120
3 0.658540 0.623947 0.155360 0.111040
3 0.034920 0.648947 0.066840 0.144507
3 0.031230 0.809347 0.059420 0.239653
3 0.442110 0.862640 0.199660 0.252800
3 0.590780 0.841293 0.220680 0.312240
3 0.872480 0.822373 0.255040 0.333333
3 0.835570 0.797760 0.157700 0.333333
3 0.102810 0.808987 0.165180 0.247200
3 0.899120 0.762453 0.153920 0.309813
8 0.305490 0.786360 0.156260 0.044560
3 0.241480 0.912387 0.301920 0.175227
3 0.971810 0.624813 0.055980 0.104933
8 0.668980 0.765413 0.226360 0.183840
3 0.065420 0.655560 0.087640 0.131867
8 0.049530 0.959173 0.098820 0.081653
3 0.499000 0.650667 0.142000 0.154667
