5 0.846609 0.219354 0.203750 0.309125
13 0.496391 0.325250 0.182469 0.204125
13 0.664945 0.341240 0.167016 0.216479
3 0.350000 0.678500 0.567750 0.617208
3 0.512398 0.102406 0.064547 0.016771
13 0.317414 0.336677 0.166609 0.174812
13 0.458719 0.160604 0.104906 0.106750
15 0.652359 0.489375 0.039156 0.039750
5 0.208367 0.044823 0.091266 0.088479
13 0.580586 0.099021 0.060984 0.036792
13 0.474281 0.039094 0.036000 0.019188
13 0.404344 0.112125 0.072906 0.085500
13 0.478992 0.084198 0.071922 0.050271
