3 0.914250 0.232960 0.029500 0.025542
3 0.941922 0.233915 0.031313 0.028538
3 0.926852 0.209623 0.029828 0.030991
3 0.665938 0.362347 0.030969 0.059741
3 0.907656 0.484328 0.023750 0.055259
3 0.718039 0.302441 0.024859 0.051014
3 0.641734 0.379988 0.037219 0.043137
3 0.148563 0.316156 0.027031 0.035755
3 0.170227 0.593125 0.018453 0.058278
3 0.955594 0.180719 0.005687 0.019080
3 0.925328 0.274811 0.018750 0.031226
3 0.617563 0.385118 0.028687 0.018821
3 0.912297 0.342759 0.030687 0.027123
3 0.478906 0.442217 0.926562 0.757075
