0 0.626477 0.360000 0.259984 0.122347
0 0.462500 0.628275 0.122656 0.192840
0 0.625688 0.664707 0.202031 0.171761
0 0.430695 0.696467 0.109641 0.244718
0 0.528125 0.851643 0.162500 0.296714
0 0.560711 0.819155 0.109078 0.114695
0 0.587000 0.896667 0.075125 0.074319
0 0.728352 0.677793 0.134984 0.142347
0 0.761156 0.754108 0.119031 0.120000
0 0.775977 0.688357 0.098047 0.098404
0 0.801602 0.676878 0.111047 0.115728
0 0.743820 0.454800 0.164734 0.094343
0 0.403125 0.846373 0.148781 0.307254
0 0.676562 0.727700 0.596875 0.535211
