8 0.500000 0.518313 1.000000 0.958792
2 0.223516 0.671333 0.058594 0.095417
2 0.457664 0.416979 0.061016 0.075458
2 0.558727 0.455073 0.084234 0.110896
2 0.787078 0.553146 0.088531 0.087500
2 0.751414 0.669146 0.083391 0.088417
2 0.627812 0.933021 0.078781 0.120667
2 0.536703 0.894198 0.100188 0.169729
2 0.194523 0.614990 0.068422 0.097771
2 0.502336 0.457531 0.042109 0.069687
2 0.537484 0.385427 0.078531 0.068521
2 0.583398 0.840135 0.070922 0.090313
2 0.692586 0.880031 0.074141 0.110396
2 0.663141 0.973531 0.055500 0.052937
2 0.526563 0.693750 0.731250 0.608333
