3 0.045852 0.591229 0.091703 0.154875
3 0.287672 0.528823 0.034281 0.081229
3 0.309953 0.537281 0.038875 0.118896
3 0.951836 0.483000 0.045797 0.038750
14 0.352242 0.548312 0.286516 0.229208
14 0.764328 0.496625 0.082594 0.125833
14 0.577359 0.519510 0.218656 0.158188
4 0.562984 0.492792 0.046656 0.041458
3 0.560258 0.501312 0.057328 0.062083
3 0.681359 0.499823 0.024000 0.032479
14 0.827180 0.487396 0.097891 0.104417
14 0.913180 0.478594 0.047609 0.094979
14 0.979367 0.485740 0.041266 0.044646
15 0.916797 0.803312 0.124281 0.051417
15 0.522648 0.780698 0.096328 0.049396
