16 0.605523 0.593250 0.064859 0.026458
16 0.187844 0.508552 0.036062 0.017813
3 0.436141 0.553156 0.063187 0.183771
3 0.181781 0.490010 0.067406 0.060854
3 0.192273 0.703438 0.120453 0.324708
3 0.228414 0.455740 0.046328 0.048104
3 0.803680 0.825187 0.139797 0.343542
3 0.592688 0.557813 0.062906 0.058083
3 0.602234 0.515969 0.071406 0.032104
3 0.620914 0.498281 0.058297 0.042896
3 0.849719 0.610823 0.082563 0.095937
3 0.893078 0.467375 0.014063 0.030000
3 0.820500 0.582656 0.071531 0.128062
3 0.399477 0.581146 0.081953 0.195292
3 0.181203 0.454562 0.046469 0.021583
16 0.006820 0.602708 0.013641 0.018833
3 0.522656 0.682292 0.951562 0.531250
