0 0.356136 0.670989 0.061324 0.089624
0 0.541479 0.554583 0.054722 0.064853
0 0.306863 0.302990 0.075229 0.072124
0 0.488243 0.351136 0.053775 0.073709
0 0.321683 0.481503 0.092680 0.076111
0 0.535874 0.617108 0.093611 0.061209
0 0.480605 0.602222 0.086275 0.063595
0 0.229175 0.524894 0.085833 0.058088
0 0.343284 0.403881 0.051830 0.051062
0 0.425923 0.693399 0.076846 0.054183
0 0.266127 0.592467 0.123693 0.089804
0 0.363954 0.364518 0.095948 0.062173
8 0.497402 0.494804 0.994804 0.984412
0 0.553292 0.674926 0.076291 0.062271
0 0.481209 0.517974 0.560458 0.588235
