1 0.582083 0.748914 0.248667 0.100672
1 0.393865 0.706430 0.068437 0.018797
1 0.337260 0.743531 0.423521 0.089406
2 0.578667 0.731781 0.098708 0.045344
2 0.746927 0.373812 0.063396 0.031062
2 0.292417 0.428797 0.059625 0.030719
2 0.382271 0.409500 0.062000 0.032313
2 0.166250 0.386367 0.052500 0.021047
2 0.602187 0.332734 0.058417 0.031156
2 0.757875 0.283719 0.072250 0.028469
2 0.323896 0.712047 0.087000 0.031938
2 0.494125 0.723242 0.067583 0.030516
2 0.865729 0.777344 0.072083 0.044750
2 0.904250 0.785867 0.107417 0.048484
2 0.491667 0.475781 0.779167 0.629687
