13 0.047953 0.193384 0.095906 0.129175
3 0.539969 0.830106 0.250750 0.313986
3 0.211836 0.807075 0.295266 0.385849
3 0.082375 0.622618 0.095312 0.214858
3 0.452570 0.488762 0.030484 0.080637
3 0.918813 0.569175 0.047938 0.076604
3 0.727602 0.531851 0.035766 0.058325
3 0.889000 0.490519 0.034375 0.080283
3 0.637953 0.515047 0.027344 0.074151
3 0.820305 0.798573 0.333484 0.380401
3 0.418961 0.505672 0.053203 0.102146
8 0.039484 0.590071 0.078969 0.255708
8 0.600102 0.509788 0.053609 0.082311
3 0.367445 0.489823 0.036797 0.065401
3 0.464742 0.457429 0.023859 0.039670
3 0.469805 0.481333 0.011172 0.042854
8 0.323672 0.482311 0.024781 0.046226
8 0.508695 0.637087 0.433797 0.278892
3 0.782031 0.516509 0.395313 0.155660
