3 0.034167 0.253539 0.034125 0.025953
3 0.068875 0.253875 0.032375 0.026125
3 0.101885 0.254367 0.034563 0.025922
3 0.138958 0.255688 0.031083 0.025281
3 0.171990 0.255188 0.034063 0.026531
3 0.207344 0.255531 0.032688 0.026469
3 0.277250 0.254172 0.039708 0.027813
3 0.269063 0.231891 0.033458 0.026750
3 0.582583 0.254820 0.036625 0.028391
3 0.241063 0.255250 0.033375 0.027531
3 0.061406 0.228867 0.031146 0.022516
3 0.233948 0.229484 0.033563 0.020000
3 0.164365 0.233859 0.029979 0.031813
3 0.500000 0.139844 0.995833 0.279687
