3 0.911062 0.337974 0.126281 0.163068
3 0.159211 0.382822 0.051859 0.177307
3 0.122367 0.247400 0.034047 0.041452
3 0.133664 0.065878 0.031359 0.063888
3 0.099484 0.202810 0.046375 0.051569
3 0.217008 0.075738 0.028203 0.078361
3 0.333523 0.072916 0.020453 0.038337
3 0.392680 0.051674 0.019859 0.046628
3 0.838188 0.095820 0.065875 0.187799
3 0.558680 0.063700 0.021547 0.044403
3 0.821258 0.198115 0.071297 0.089204
5 0.059492 0.270398 0.041328 0.029461
5 0.834297 0.317436 0.040750 0.123068
3 0.520727 0.177283 0.046766 0.040703
3 0.159008 0.125550 0.010953 0.017892
5 0.872719 0.232131 0.067437 0.065761
5 0.745133 0.235691 0.088141 0.032412
5 0.675547 0.244192 0.051375 0.023091
5 0.600133 0.249614 0.052516 0.025785
5 0.532336 0.252810 0.063203 0.026464
