8 0.336758 0.662061 0.234203 0.094005
8 0.278836 0.560738 0.088172 0.036323
8 0.750398 0.869286 0.457297 0.233700
8 0.604219 0.573033 0.149938 0.062927
8 0.459508 0.522869 0.124672 0.033091
8 0.356086 0.644953 0.166422 0.058431
3 0.535516 0.502166 0.055969 0.088407
3 0.404156 0.516557 0.047813 0.092834
3 0.345437 0.488466 0.036062 0.075105
3 0.486930 0.736429 0.124172 0.338571
3 0.253984 0.477588 0.043125 0.046230
3 0.215297 0.745316 0.118969 0.317002
3 0.149453 0.619485 0.050062 0.188665
3 0.399711 0.849098 0.093172 0.277026
3 0.960367 0.778115 0.079266 0.380867
3 0.054141 0.569461 0.057375 0.088852
3 0.709922 0.718407 0.145437 0.107869
3 0.222922 0.481452 0.019406 0.048478
8 0.273961 0.475902 0.053859 0.011710
8 0.558484 0.465468 0.048094 0.011639
8 0.972906 0.665749 0.054187 0.067002
8 0.440086 0.484614 0.066203 0.022717
8 0.229383 0.552143 0.076516 0.092857
3 0.317578 0.791733 0.117813 0.306979
8 0.635805 0.499801 0.089797 0.022693
8 0.344297 0.456112 0.015563 0.012740
8 0.598437 0.578454 0.728125 0.210773
3 0.499219 0.597190 0.998437 0.313817
