3 0.959437 0.132366 0.021281 0.033263
3 0.966055 0.105466 0.020953 0.025012
3 0.943445 0.103531 0.024516 0.030979
3 0.938133 0.133287 0.025672 0.026154
3 0.912164 0.130280 0.020953 0.030443
3 0.887516 0.131282 0.021500 0.026667
3 0.862820 0.130338 0.025203 0.025478
3 0.878102 0.066072 0.019047 0.046783
3 0.853555 0.043147 0.013984 0.051096
3 0.934016 0.153776 0.018875 0.009790
3 0.906125 0.150443 0.020406 0.012401
3 0.953133 0.150828 0.018141 0.013916
3 0.918086 0.105828 0.021016 0.031748
3 0.481250 0.207459 0.959375 0.414918
