3 0.785177 0.403008 0.036396 0.020766
3 0.949896 0.391164 0.028458 0.013484
3 0.772021 0.385875 0.032792 0.018031
3 0.831208 0.389703 0.029417 0.016344
3 0.675385 0.349688 0.033937 0.032625
3 0.540292 0.385313 0.033625 0.026875
3 0.641854 0.339313 0.037958 0.016813
3 0.518500 0.323219 0.035000 0.014656
3 0.535333 0.338367 0.027750 0.015047
3 0.896646 0.388641 0.034667 0.013562
3 0.605344 0.339320 0.033979 0.018203
3 0.541500 0.318148 0.031167 0.019797
3 0.111312 0.303484 0.035500 0.014281
3 0.513542 0.360156 0.968750 0.139063
