3 0.964888 0.398430 0.070224 0.062297
3 0.794464 0.385469 0.040480 0.058562
3 0.703864 0.346242 0.020944 0.026547
3 0.718048 0.329844 0.018688 0.018812
3 0.238848 0.323656 0.043264 0.028813
3 0.266264 0.308375 0.024656 0.019563
3 0.190608 0.335188 0.041632 0.062594
3 0.645664 0.341047 0.036096 0.054844
3 0.939832 0.393266 0.046992 0.058844
8 0.749888 0.328961 0.033632 0.004734
8 0.938248 0.351359 0.041360 0.018156
8 0.725120 0.371820 0.064480 0.069109
3 0.764632 0.329297 0.023184 0.028719
8 0.616696 0.319852 0.057808 0.006578
8 0.232600 0.449289 0.463248 0.227922
8 0.909016 0.387906 0.054864 0.064938
3 0.692728 0.364484 0.055920 0.066812
3 0.460800 0.417969 0.432000 0.248438
