5 0.326810 0.505093 0.098300 0.240640
3 0.369770 0.425880 0.081460 0.137787
3 0.713180 0.452493 0.105440 0.189840
3 0.278180 0.436973 0.075680 0.114053
13 0.484370 0.471360 0.144540 0.195307
13 0.223630 0.388200 0.105460 0.130213
13 0.478700 0.320480 0.051560 0.078987
13 0.143440 0.384160 0.063480 0.131413
13 0.705410 0.299987 0.056500 0.073093
13 0.638280 0.481733 0.161680 0.216320
13 0.759620 0.304160 0.063240 0.075893
13 0.424480 0.315827 0.056840 0.074320
13 0.515080 0.284133 0.050200 0.062720
5 0.555480 0.262573 0.039880 0.145200
15 0.681630 0.764680 0.040020 0.050800
