3 0.380521 0.368977 0.263667 0.235953
8 0.500000 0.675508 1.000000 0.625297
8 0.675260 0.202602 0.649479 0.094547
8 0.503552 0.087563 0.670687 0.096031
3 0.716833 0.134641 0.126333 0.045812
3 0.402354 0.115195 0.123667 0.073703
3 0.106125 0.348547 0.200292 0.213000
3 0.888510 0.332781 0.222979 0.162625
3 0.697469 0.362117 0.251354 0.092484
3 0.551615 0.124531 0.153354 0.066562
3 0.234146 0.099836 0.109833 0.075734
3 0.239677 0.447102 0.201729 0.162297
8 0.629479 0.236227 0.192375 0.021891
8 0.203281 0.198602 0.405146 0.101891
