3 0.041414 0.480303 0.080547 0.219478
3 0.116977 0.383737 0.095516 0.145052
8 0.378625 0.590000 0.658625 0.788225
3 0.250555 0.461524 0.053734 0.099791
3 0.119977 0.644687 0.093641 0.176430
1 0.504562 0.530344 0.141281 0.080898
1 0.589430 0.637965 0.066266 0.055637
1 0.621609 0.488382 0.052344 0.033340
3 0.065586 0.272056 0.048484 0.060981
3 0.955719 0.566660 0.088563 0.112025
8 0.096953 0.346482 0.193906 0.172756
1 0.461953 0.396148 0.063625 0.025532
1 0.593617 0.393622 0.074609 0.050251
1 0.665687 0.381712 0.050250 0.026096
1 0.194562 0.055397 0.041219 0.109624
1 0.759156 0.741169 0.086188 0.045637
1 0.256844 0.523058 0.051719 0.082610
1 0.123484 0.772516 0.045250 0.061608
1 0.443945 0.473152 0.045484 0.036994
1 0.649469 0.284050 0.056844 0.024342
3 0.911734 0.505188 0.097188 0.179228
3 0.501219 0.488956 0.997500 0.490564
3 0.357719 0.357432 0.043938 0.063507
3 0.426367 0.286524 0.026641 0.091002
