13 0.432437 0.416066 0.074875 0.109321
3 0.576148 0.458923 0.044297 0.096534
3 0.632773 0.391780 0.029047 0.023653
3 0.861617 0.508232 0.047391 0.112061
3 0.625031 0.452061 0.028094 0.094988
3 0.579820 0.397178 0.029266 0.033747
4 0.778695 0.704789 0.184547 0.330187
4 0.614328 0.867447 0.451469 0.235550
8 0.599742 0.447237 0.072422 0.114614
16 0.608961 0.650492 0.053672 0.039719
16 0.617023 0.635515 0.051672 0.033560
3 0.648297 0.444824 0.022156 0.085995
5 0.968359 0.535984 0.063281 0.099555
4 0.759133 0.519614 0.207234 0.132436
8 0.626031 0.655515 0.163500 0.215386
3 0.068625 0.665351 0.120469 0.136979
3 0.057297 0.614930 0.113250 0.142084
3 0.805852 0.462260 0.037609 0.047658
3 0.741594 0.447166 0.042281 0.042248
16 0.705406 0.847319 0.032438 0.031546
