16 0.558406 0.641490 0.056188 0.022521
3 0.528063 0.627385 0.094094 0.189104
3 0.917445 0.854615 0.165109 0.288771
3 0.528727 0.512115 0.046953 0.029354
3 0.153961 0.590979 0.104234 0.191958
3 0.185266 0.479604 0.039156 0.043958
3 0.455266 0.491687 0.016219 0.013708
3 0.806086 0.526219 0.049828 0.028021
3 0.573719 0.588510 0.026875 0.047646
3 0.458836 0.665552 0.047422 0.235813
3 0.507063 0.492656 0.055969 0.022604
3 0.576922 0.555917 0.024188 0.035833
3 0.545844 0.532198 0.054625 0.042312
3 0.567602 0.510448 0.048672 0.055938
3 0.550781 0.616667 0.870313 0.366667
