3 0.256891 0.223098 0.034625 0.030646
3 0.197406 0.213983 0.025500 0.024522
3 0.009836 0.100072 0.018391 0.058325
3 0.403391 0.108230 0.027813 0.020670
3 0.287469 0.048636 0.030375 0.038565
3 0.313430 0.050813 0.030266 0.039426
3 0.347203 0.042835 0.034094 0.021124
3 0.684680 0.221758 0.036078 0.028876
3 0.313828 0.028002 0.036344 0.016770
3 0.283078 0.017967 0.029250 0.024545
3 0.675039 0.251220 0.043859 0.035981
3 0.154688 0.217536 0.034500 0.035646
3 0.515305 0.039510 0.039359 0.078876
3 0.485156 0.139952 0.670312 0.279904
