3 0.778109 0.551740 0.107781 0.189438
3 0.651039 0.484406 0.078891 0.077854
3 0.549680 0.474698 0.078609 0.093979
3 0.366836 0.438917 0.085234 0.075417
3 0.474641 0.867896 0.227969 0.264208
3 0.234266 0.835958 0.252812 0.305625
3 0.788766 0.840833 0.251250 0.318333
3 0.505750 0.390823 0.052500 0.022937
3 0.867188 0.530552 0.091188 0.178021
3 0.838281 0.761729 0.183312 0.227875
14 0.312922 0.635021 0.187188 0.177333
14 0.498719 0.531698 0.114344 0.093979
14 0.091859 0.580896 0.173594 0.155042
14 0.665727 0.616854 0.138203 0.164042
14 0.800023 0.435958 0.062266 0.058750
14 0.297469 0.494385 0.126406 0.094396
14 0.709070 0.408948 0.057234 0.046396
3 0.444320 0.456646 0.062453 0.090667
3 0.045852 0.790875 0.091203 0.100875
13 0.184406 0.201927 0.186969 0.219354
13 0.682008 0.423542 0.059297 0.052208
13 0.571125 0.413271 0.055750 0.044792
13 0.610086 0.397344 0.043922 0.041521
14 0.682016 0.429667 0.057719 0.062583
14 0.568391 0.416719 0.060062 0.053104
14 0.816336 0.422656 0.053609 0.052979
14 0.613391 0.398479 0.048812 0.046833
3 0.916781 0.618208 0.055594 0.091458
3 0.425781 0.468750 0.779687 0.195833
