2 0.912602 0.723584 0.164797 0.163711
2 0.527687 0.724037 0.157688 0.142011
2 0.956672 0.507323 0.086531 0.111870
2 0.128961 0.508527 0.118359 0.201020
2 0.639664 0.875326 0.133234 0.114278
2 0.433062 0.388017 0.124969 0.164079
2 0.401469 0.845000 0.127250 0.085184
2 0.906445 0.564618 0.119891 0.137507
2 0.782219 0.562337 0.091688 0.127280
2 0.816547 0.721289 0.120969 0.201048
2 0.412953 0.673173 0.122094 0.083343
2 0.378687 0.548711 0.117000 0.092096
2 0.521805 0.542153 0.083922 0.086516
2 0.588281 0.703966 0.820312 0.586402
