13 0.047461 0.634543 0.092172 0.113396
3 0.881945 0.912728 0.125984 0.133044
8 0.647781 0.937916 0.351062 0.100515
2 0.686445 0.650480 0.094297 0.094215
2 0.609797 0.629309 0.097344 0.077026
2 0.527820 0.624977 0.078016 0.070141
2 0.559398 0.753361 0.104953 0.081850
2 0.753836 0.672752 0.088047 0.075621
2 0.444992 0.715059 0.096359 0.054660
2 0.658844 0.737026 0.042281 0.046557
2 0.479953 0.673044 0.097156 0.069087
15 0.017859 0.744895 0.032813 0.024403
2 0.528555 0.697845 0.087078 0.085386
2 0.727094 0.724742 0.047156 0.060867
2 0.741422 0.758817 0.048688 0.067330
13 0.062523 0.554133 0.088953 0.055386
