2 0.512969 0.752641 0.136771 0.094531
2 0.453927 0.868539 0.146812 0.110109
2 0.330740 0.762477 0.142146 0.091953
2 0.406219 0.699969 0.134729 0.088625
2 0.731594 0.911070 0.155229 0.111891
2 0.319917 0.308063 0.274583 0.152250
2 0.160167 0.773297 0.146333 0.106688
2 0.855313 0.341578 0.289375 0.103344
2 0.251688 0.671648 0.149333 0.094984
2 0.777531 0.808992 0.176771 0.112359
2 0.315479 0.586852 0.112625 0.069391
2 0.842125 0.704875 0.138125 0.098062
2 0.931510 0.806586 0.131729 0.116172
2 0.500000 0.489844 0.995833 0.854688
