0 0.336820 0.324059 0.169953 0.234376
0 0.377937 0.289071 0.093531 0.207365
0 0.469187 0.352224 0.091500 0.311035
0 0.911125 0.641565 0.177750 0.267412
0 0.617055 0.794376 0.129828 0.402259
0 0.865570 0.725329 0.080734 0.298000
0 0.775703 0.732212 0.102625 0.256282
0 0.708086 0.688765 0.073109 0.173012
0 0.414109 0.330341 0.061187 0.130329
0 0.527133 0.415282 0.125703 0.371647
0 0.903570 0.432400 0.135328 0.111153
0 0.588219 0.698141 0.137813 0.147529
0 0.954500 0.590965 0.091000 0.130682
0 0.623437 0.462353 0.381250 0.204706
