4 0.305140 0.365307 0.610280 0.438987
8 0.127700 0.121440 0.254640 0.111200
3 0.296420 0.125013 0.083480 0.082187
3 0.932690 0.566680 0.132500 0.466213
16 0.515790 0.417173 0.028980 0.038667
16 0.607460 0.341680 0.029640 0.050560
16 0.811710 0.495000 0.028420 0.024667
16 0.396800 0.579707 0.044320 0.037440
16 0.109480 0.723760 0.059280 0.096480
16 0.452060 0.531400 0.055640 0.044613
16 0.900230 0.479347 0.031420 0.036773
16 0.198740 0.658760 0.049160 0.052933
8 0.296590 0.093653 0.182940 0.142880
