3 0.418594 0.292518 0.025125 0.031077
3 0.482656 0.293864 0.026281 0.038033
3 0.367805 0.266276 0.025203 0.035597
3 0.489641 0.263056 0.025750 0.036230
3 0.388828 0.293466 0.025219 0.031335
3 0.323461 0.296347 0.023266 0.033302
3 0.285258 0.311569 0.024672 0.032084
3 0.341164 0.328970 0.024703 0.038173
3 0.375492 0.320386 0.026359 0.023208
3 0.609281 0.311780 0.029594 0.041593
3 0.347742 0.310714 0.024922 0.035621
3 0.414953 0.312307 0.025625 0.028689
3 0.516203 0.308361 0.024813 0.032787
3 0.542969 0.373536 0.910937 0.320843
