3 0.757828 0.713258 0.050500 0.130337
3 0.729289 0.395506 0.031828 0.053933
3 0.464266 0.462669 0.014781 0.090506
3 0.349211 0.473511 0.043797 0.072753
3 0.267578 0.446882 0.039906 0.057247
3 0.144492 0.720393 0.028328 0.094045
3 0.163461 0.410028 0.021703 0.049944
3 0.910281 0.576601 0.049000 0.102191
3 0.669203 0.860899 0.044656 0.186180
3 0.624766 0.839607 0.033094 0.243371
3 0.590109 0.899607 0.035281 0.153820
3 0.412063 0.797669 0.035156 0.162079
3 0.383000 0.889551 0.049594 0.151685
3 0.385937 0.508427 0.525000 0.455056
