3 0.579906 0.376802 0.192938 0.024438
3 0.978609 0.404604 0.042781 0.075375
3 0.618211 0.388594 0.115984 0.030604
3 0.634320 0.404146 0.090016 0.022583
8 0.537578 0.507219 0.316844 0.180688
8 0.706289 0.435865 0.074734 0.116562
3 0.487719 0.402729 0.186125 0.034042
3 0.720898 0.344365 0.146891 0.017437
3 0.487438 0.422552 0.193562 0.026104
3 0.486070 0.437635 0.197453 0.031396
3 0.721625 0.357698 0.146594 0.014354
3 0.718383 0.367052 0.140391 0.012313
3 0.708688 0.377906 0.088063 0.014896
8 0.655844 0.782687 0.688312 0.413000
