13 0.755398 0.295271 0.134266 0.183125
3 0.330742 0.304938 0.091734 0.148083
3 0.621438 0.248698 0.040531 0.087438
6 0.523648 0.797292 0.952703 0.380625
14 0.409875 0.234906 0.044531 0.047104
14 0.590734 0.729208 0.227531 0.235958
15 0.781797 0.506177 0.038844 0.026146
16 0.280773 0.778188 0.083109 0.062417
16 0.487719 0.938677 0.054406 0.095104
3 0.466227 0.305635 0.093109 0.155521
3 0.057219 0.270958 0.065969 0.063083
3 0.014922 0.362552 0.029844 0.193521
3 0.010086 0.253302 0.019891 0.028521
3 0.480266 0.226021 0.060437 0.039375
3 0.128617 0.468542 0.174766 0.280000
13 0.186102 0.231844 0.144328 0.164104
13 0.556172 0.694802 0.161688 0.158437
13 0.412117 0.231948 0.036578 0.038854
