0 0.428508 0.253781 0.069734 0.051687
0 0.411586 0.282125 0.047547 0.043708
0 0.395977 0.243781 0.040984 0.052271
0 0.420750 0.225719 0.043031 0.059021
0 0.443570 0.179031 0.051016 0.048396
0 0.514047 0.315354 0.094375 0.087625
0 0.476883 0.246844 0.028734 0.053229
0 0.494664 0.202250 0.032016 0.040458
0 0.436539 0.334552 0.121734 0.138896
0 0.551156 0.253208 0.031938 0.054458
8 0.498875 0.494385 0.997750 0.984271
0 0.485484 0.271917 0.103781 0.123792
0 0.473375 0.146760 0.058437 0.064938
0 0.518602 0.235990 0.047547 0.055938
