13 0.506953 0.481803 0.128937 0.150398
14 0.246937 0.572810 0.034219 0.044871
14 0.456234 0.660960 0.035313 0.045808
14 0.391391 0.740691 0.038687 0.069578
14 0.325352 0.957295 0.158922 0.062927
3 0.254445 0.784157 0.097234 0.219087
3 0.627766 0.725316 0.099031 0.120047
3 0.911008 0.750258 0.143359 0.184824
3 0.129688 0.939321 0.259375 0.121358
14 0.703523 0.602787 0.115766 0.051944
3 0.461281 0.676382 0.054438 0.119977
3 0.826969 0.936768 0.259281 0.126042
3 0.614180 0.523091 0.014297 0.010726
3 0.426164 0.722670 0.094078 0.126698
3 0.553320 0.598642 0.047859 0.110117
3 0.046586 0.874005 0.093172 0.092178
3 0.806148 0.721780 0.080828 0.112459
3 0.643172 0.570351 0.027500 0.019813
14 0.233984 0.585855 0.041375 0.048056
3 0.558594 0.586651 0.389062 0.091335
