3 0.085521 0.290844 0.025458 0.020938
3 0.527125 0.234664 0.031375 0.016672
3 0.396979 0.301109 0.050292 0.018594
3 0.020062 0.292922 0.034125 0.020188
3 0.304271 0.190453 0.049708 0.039750
3 0.192625 0.288023 0.036667 0.015953
3 0.216281 0.287828 0.030771 0.015219
3 0.921552 0.174703 0.031854 0.016438
3 0.138271 0.272586 0.033167 0.012797
3 0.886906 0.200258 0.028479 0.013703
3 0.845229 0.215438 0.028417 0.012781
3 0.796073 0.201781 0.025521 0.013656
3 0.823417 0.226906 0.027250 0.014906
3 0.498958 0.269531 0.997917 0.214062
