3 0.574476 0.149210 0.086078 0.051940
3 0.974461 0.216430 0.049521 0.043420
3 0.296497 0.212430 0.096707 0.049700
3 0.200000 0.208360 0.096168 0.050480
3 0.101781 0.190590 0.085180 0.019580
3 0.800015 0.091760 0.086916 0.048760
3 0.832605 0.031450 0.081138 0.046460
3 0.290659 0.027760 0.093713 0.047760
3 0.395135 0.212280 0.104820 0.052040
3 0.574356 0.229520 0.083743 0.073840
3 0.752275 0.151260 0.072934 0.048720
3 0.664476 0.152340 0.094281 0.052600
3 0.756647 0.033560 0.064431 0.045160
3 0.522455 0.182000 0.949102 0.356000
