3 0.392570 0.355750 0.020734 0.015958
3 0.630969 0.316437 0.021125 0.015000
3 0.963539 0.329677 0.019203 0.014437
3 0.697688 0.343594 0.022250 0.031771
3 0.745156 0.318281 0.023344 0.015562
3 0.767117 0.316385 0.020141 0.012813
3 0.769242 0.351792 0.024641 0.020500
3 0.815227 0.351792 0.021641 0.015208
3 0.329703 0.357042 0.011750 0.015667
3 0.131711 0.255250 0.025172 0.017917
3 0.357492 0.359583 0.029891 0.030708
3 0.673156 0.320760 0.016344 0.011562
3 0.698305 0.320844 0.018016 0.012146
3 0.519531 0.318750 0.957812 0.162500
