3 0.840242 0.520958 0.131984 0.213333
3 0.763414 0.462813 0.100891 0.121083
8 0.416289 0.826969 0.832578 0.314604
1 0.170953 0.878323 0.116656 0.091938
1 0.630867 0.742719 0.035266 0.019729
1 0.084141 0.776490 0.054125 0.033521
1 0.204391 0.960583 0.060813 0.049542
1 0.202703 0.944823 0.043906 0.027021
1 0.134648 0.966719 0.066953 0.066562
1 0.193719 0.909344 0.025469 0.038854
1 0.173875 0.977458 0.056719 0.045083
1 0.150242 0.926729 0.060891 0.059667
1 0.112828 0.908656 0.052812 0.036188
1 0.091375 0.937333 0.090406 0.120542
1 0.502695 0.806010 0.042984 0.037188
3 0.727820 0.437802 0.039766 0.088729
3 0.187055 0.429948 0.028109 0.045021
8 0.761469 0.636375 0.145656 0.258875
1 0.286383 0.729208 0.041766 0.048000
1 0.498281 0.762010 0.121250 0.066646
1 0.310937 0.817708 0.621875 0.360417
