13 0.736586 0.482800 0.037328 0.051247
3 0.371937 0.722824 0.153906 0.203859
3 0.769742 0.833341 0.174234 0.307529
3 0.654555 0.703835 0.088484 0.217694
3 0.941992 0.753906 0.116016 0.251624
3 0.778805 0.653247 0.055266 0.120753
3 0.228234 0.801659 0.124188 0.297953
3 0.343344 0.657188 0.111250 0.115882
3 0.928633 0.926729 0.142734 0.127153
3 0.343813 0.580847 0.048219 0.077929
8 0.876062 0.839435 0.212000 0.300471
4 0.184758 0.675365 0.200672 0.158400
4 0.616227 0.590835 0.124109 0.093435
3 0.738297 0.661694 0.071469 0.074259
3 0.041719 0.750071 0.083437 0.250965
3 0.319086 0.574000 0.013641 0.064471
8 0.709555 0.616824 0.090391 0.024612
8 0.515133 0.635024 0.123172 0.151176
3 0.814031 0.571329 0.038375 0.071412
3 0.628125 0.687059 0.740625 0.357647
