3 0.555742 0.174583 0.068391 0.074375
3 0.774555 0.099573 0.063109 0.047688
3 0.813766 0.142177 0.065562 0.050604
3 0.905313 0.086719 0.065438 0.049438
3 0.948352 0.145812 0.064734 0.082500
3 0.461680 0.235760 0.069734 0.091604
3 0.170570 0.142490 0.064516 0.065979
3 0.143187 0.104021 0.062062 0.080667
3 0.288109 0.241208 0.070750 0.086292
3 0.149875 0.246656 0.051313 0.087771
3 0.530031 0.115385 0.056281 0.035062
3 0.496148 0.168167 0.062172 0.046958
3 0.580227 0.034063 0.069766 0.046750
3 0.499219 0.292708 0.998437 0.585417
