5 0.952297 0.518941 0.095406 0.056667
5 0.586367 0.607598 0.117359 0.127510
3 0.399289 0.781725 0.133672 0.410745
3 0.251914 0.645167 0.130234 0.249471
3 0.538406 0.806029 0.190625 0.381471
3 0.250328 0.700304 0.108625 0.157667
8 0.734063 0.729412 0.324375 0.131765
3 0.747898 0.782725 0.207453 0.434549
3 0.826852 0.551971 0.094109 0.084529
3 0.750000 0.514941 0.090875 0.083333
3 0.676055 0.511402 0.058109 0.073902
3 0.649672 0.578539 0.094094 0.084529
3 0.380508 0.612471 0.120016 0.206196
5 0.308492 0.481961 0.068516 0.059882
