14 0.534055 0.913604 0.259547 0.172792
14 0.302141 0.676896 0.242250 0.200208
3 0.205266 0.462052 0.084219 0.150979
3 0.646352 0.822469 0.210672 0.260688
3 0.877250 0.355063 0.082594 0.067417
3 0.231430 0.520719 0.070422 0.134021
3 0.083187 0.418406 0.080156 0.113229
3 0.986586 0.383354 0.026828 0.063792
3 0.799937 0.432458 0.064469 0.141875
3 0.259344 0.295531 0.035937 0.057187
3 0.686359 0.319375 0.049969 0.049167
3 0.297672 0.243188 0.034625 0.031250
3 0.321094 0.316854 0.047844 0.074792
14 0.029945 0.422583 0.059891 0.071625
3 0.085234 0.347531 0.038062 0.039104
3 0.105797 0.345000 0.034000 0.077292
14 0.048648 0.576177 0.097297 0.078021
14 0.155820 0.278531 0.050578 0.048729
14 0.886719 0.549521 0.191500 0.097667
14 0.935992 0.407365 0.106984 0.033063
14 0.115531 0.218938 0.031344 0.035667
14 0.039172 0.485427 0.077531 0.041479
3 0.539062 0.375000 0.918750 0.362500
