2 0.301383 0.604052 0.010828 0.015104
2 0.802078 0.364104 0.112688 0.148292
2 0.689320 0.366292 0.138203 0.206750
2 0.763539 0.219927 0.129234 0.158104
2 0.755359 0.493021 0.104125 0.138833
2 0.899570 0.612021 0.060828 0.142292
2 0.292273 0.615240 0.013516 0.016521
2 0.501172 0.699698 0.015469 0.014563
2 0.286594 0.611667 0.012125 0.015375
2 0.692516 0.190198 0.108719 0.097771
2 0.278727 0.612094 0.007828 0.018646
2 0.507797 0.615469 0.016750 0.013562
2 0.513617 0.699948 0.018953 0.017688
2 0.350000 0.670833 0.134375 0.158333
