3 0.298297 0.239771 0.058313 0.038875
3 0.440586 0.072802 0.056391 0.025062
3 0.466680 0.041094 0.033203 0.026229
3 0.529961 0.043885 0.047266 0.030646
3 0.385008 0.099865 0.044078 0.027312
3 0.411898 0.141948 0.025859 0.029771
3 0.406125 0.246177 0.022250 0.040646
3 0.477039 0.240948 0.038453 0.023354
3 0.916680 0.183490 0.054953 0.031354
3 0.604359 0.084062 0.032563 0.033625
3 0.425133 0.102521 0.034328 0.035500
3 0.646898 0.303000 0.015578 0.134000
3 0.946922 0.308021 0.057531 0.040500
3 0.499219 0.382292 0.998437 0.764583
