8 0.499703 0.698115 0.995875 0.603771
1 0.240945 0.615167 0.165078 0.106875
1 0.898930 0.611677 0.202141 0.096021
1 0.517734 0.220719 0.089531 0.060813
1 0.386234 0.906552 0.677531 0.186896
3 0.075672 0.452021 0.151344 0.143500
3 0.563906 0.416552 0.056281 0.093271
1 0.827320 0.412323 0.094766 0.051687
1 0.804148 0.547344 0.117703 0.061021
1 0.579273 0.532698 0.051297 0.062604
1 0.470922 0.516344 0.045750 0.032188
3 0.185086 0.495760 0.082234 0.163354
3 0.139617 0.371990 0.098516 0.083687
1 0.985156 0.372875 0.027656 0.037583
