2 0.672976 0.624695 0.058094 0.049797
2 0.565482 0.662352 0.070400 0.031984
2 0.713212 0.672391 0.071976 0.032125
2 0.769635 0.667125 0.043788 0.028813
2 0.850224 0.696008 0.053624 0.026203
2 0.727082 0.535922 0.061553 0.021281
2 0.780624 0.701547 0.062659 0.029094
2 0.658471 0.644633 0.081412 0.039953
2 0.749671 0.686188 0.047624 0.026469
2 0.654141 0.529344 0.065553 0.023031
2 0.532906 0.706875 0.070941 0.016781
2 0.807776 0.672820 0.046753 0.041984
2 0.717341 0.707250 0.057694 0.027094
2 0.758824 0.692187 0.242353 0.068750
