8 0.659680 0.792866 0.680641 0.248892
3 0.480328 0.852748 0.260094 0.267146
3 0.703891 0.896097 0.214656 0.200495
3 0.737703 0.704658 0.138281 0.114599
3 0.819766 0.603762 0.099594 0.071108
3 0.953328 0.626958 0.093344 0.080896
3 0.930664 0.749399 0.138672 0.116061
3 0.565672 0.593208 0.027875 0.060660
3 0.806164 0.701120 0.126547 0.139316
3 0.664320 0.668007 0.098266 0.123608
8 0.303711 0.884835 0.607422 0.213491
8 0.839383 0.650425 0.320109 0.086132
3 0.573680 0.662288 0.111609 0.100519
3 0.287477 0.774894 0.154922 0.201863
