13 0.780031 0.394865 0.316875 0.483604
4 0.065320 0.416135 0.124203 0.286021
4 0.340445 0.458583 0.316859 0.134833
14 0.210289 0.530125 0.122766 0.112667
14 0.308789 0.728406 0.184141 0.205396
16 0.199430 0.736313 0.086828 0.044625
16 0.194289 0.724021 0.098672 0.037042
4 0.080055 0.675281 0.153359 0.312354
16 0.744500 0.641687 0.057594 0.054208
16 0.215563 0.758240 0.075281 0.058604
16 0.276148 0.710146 0.039109 0.050792
16 0.804484 0.673167 0.080969 0.054500
16 0.342352 0.671573 0.059203 0.052312
15 0.736133 0.989771 0.037047 0.019750
