5 0.936937 0.231063 0.078656 0.187208
2 0.518836 0.908396 0.040141 0.051125
2 0.546781 0.925229 0.039469 0.035500
2 0.559805 0.909906 0.037172 0.044979
2 0.594578 0.926375 0.039188 0.043750
2 0.599023 0.907823 0.033359 0.028354
2 0.405562 0.906354 0.044719 0.027292
2 0.428070 0.893292 0.037234 0.037042
2 0.475656 0.905156 0.039500 0.048854
2 0.300203 0.897990 0.034094 0.024646
2 0.314711 0.881292 0.033922 0.028417
2 0.567234 0.886927 0.038719 0.031979
2 0.579875 0.878833 0.030281 0.031208
5 0.019047 0.560542 0.038094 0.112292
2 0.277453 0.456469 0.017719 0.017062
2 0.432812 0.677083 0.828125 0.491667
