3 0.887469 0.349927 0.061906 0.140729
3 0.418625 0.370469 0.045312 0.257271
3 0.243109 0.600344 0.328875 0.355604
3 0.559047 0.474271 0.205219 0.164708
3 0.956266 0.584094 0.087469 0.225729
3 0.954461 0.329625 0.086672 0.200958
3 0.752313 0.509958 0.119813 0.132625
8 0.412078 0.815875 0.824156 0.341583
8 0.685398 0.383490 0.251578 0.185521
3 0.752141 0.199875 0.119125 0.065167
8 0.755211 0.171573 0.141766 0.036729
8 0.683844 0.525125 0.034563 0.097667
8 0.975906 0.190854 0.048188 0.012708
3 0.805445 0.705969 0.301453 0.219729
8 0.543305 0.590188 0.272859 0.160208
