3 0.250883 0.243491 0.071141 0.049481
3 0.134836 0.209175 0.090859 0.087877
3 0.204352 0.130625 0.076297 0.063656
3 0.325555 0.182453 0.065453 0.033255
3 0.407813 0.129257 0.088344 0.055495
3 0.722438 0.406274 0.040000 0.037028
3 0.348070 0.413632 0.076047 0.042406
3 0.137047 0.135684 0.082031 0.064151
3 0.212844 0.065307 0.073031 0.055425
3 0.269430 0.136604 0.074891 0.067594
3 0.391555 0.179870 0.065328 0.035401
3 0.334297 0.142040 0.072531 0.082382
3 0.587250 0.250200 0.065438 0.051863
3 0.485938 0.215802 0.965625 0.431604
