3 0.777547 0.158758 0.080406 0.160266
3 0.573281 0.292140 0.078656 0.089290
3 0.155516 0.142228 0.047281 0.061752
3 0.563320 0.423769 0.090234 0.168426
3 0.961789 0.199113 0.066172 0.066519
3 0.846891 0.186253 0.077156 0.107361
3 0.750305 0.393769 0.061109 0.120133
3 0.811992 0.418470 0.071641 0.162882
3 0.963367 0.276408 0.073266 0.099956
3 0.658336 0.163947 0.064328 0.040532
3 0.686922 0.400477 0.071344 0.124856
3 0.830938 0.305443 0.084625 0.142461
3 0.708727 0.290965 0.077391 0.101929
3 0.500000 0.251663 0.996875 0.498891
