0 0.638451 0.801640 0.444756 0.362360
0 0.708963 0.511560 0.214854 0.039520
0 0.763244 0.328260 0.111951 0.118240
0 0.686488 0.703000 0.243902 0.175280
0 0.679817 0.323060 0.195585 0.084800
0 0.653598 0.535580 0.326122 0.047200
0 0.686610 0.271190 0.163805 0.076580
0 0.656061 0.370180 0.270902 0.123160
0 0.540500 0.192440 0.020366 0.050120
0 0.510293 0.243930 0.040000 0.143580
0 0.484707 0.259060 0.052244 0.193640
0 0.666037 0.482020 0.340220 0.068440
0 0.580183 0.140890 0.196951 0.066860
0 0.746341 0.394000 0.502439 0.672000
