13 0.666039 0.426875 0.122859 0.121500
3 0.910023 0.836844 0.081328 0.162688
8 0.385563 0.810094 0.598594 0.345062
3 0.145648 0.724000 0.014578 0.052875
4 0.916562 0.703250 0.166531 0.265083
1 0.593008 0.936906 0.115922 0.061813
1 0.524797 0.817844 0.083750 0.032896
1 0.483539 0.745990 0.045797 0.014271
1 0.181516 0.963708 0.107625 0.065417
1 0.435578 0.710708 0.017094 0.014250
1 0.405852 0.687687 0.024734 0.004542
1 0.396297 0.658667 0.016969 0.005833
1 0.384477 0.688458 0.015516 0.005167
1 0.391555 0.663698 0.012766 0.005854
1 0.285789 0.664271 0.032828 0.017667
1 0.175289 0.757865 0.062953 0.015604
3 0.884008 0.937073 0.201297 0.125854
3 0.922281 0.715094 0.155438 0.233563
1 0.449469 0.759875 0.024438 0.012333
1 0.609734 0.651948 0.023375 0.025979
3 0.623313 0.643802 0.032156 0.078896
4 0.765703 0.576771 0.137313 0.108750
1 0.368750 0.685417 0.675000 0.287500
