3 0.310312 0.449189 0.031969 0.061171
3 0.599961 0.175698 0.013359 0.010405
3 0.613547 0.175068 0.013344 0.008649
3 0.647367 0.108187 0.012422 0.007320
3 0.658281 0.107151 0.010750 0.009032
3 0.748727 0.201498 0.016797 0.011959
3 0.685453 0.183367 0.012156 0.011599
3 0.644367 0.226374 0.022078 0.014189
3 0.553570 0.242421 0.013734 0.009527
3 0.426109 0.433750 0.030094 0.070788
3 0.339922 0.454268 0.054062 0.078446
3 0.443242 0.432905 0.034141 0.068468
3 0.670930 0.106971 0.012359 0.008581
3 0.500000 0.141892 0.996875 0.283784
