3 0.057984 0.817494 0.093063 0.334754
3 0.120656 0.617166 0.068062 0.098173
3 0.321594 0.664696 0.084687 0.174965
3 0.662758 0.611967 0.071266 0.087869
8 0.377133 0.670878 0.096922 0.159461
8 0.317000 0.601054 0.052156 0.034239
8 0.594508 0.576768 0.063203 0.013958
3 0.539844 0.634543 0.038437 0.142529
3 0.514359 0.625445 0.025469 0.135808
3 0.408359 0.661159 0.086563 0.183443
3 0.099648 0.605515 0.077297 0.086815
3 0.133750 0.682752 0.083125 0.199461
3 0.364578 0.577459 0.019281 0.035059
3 0.847414 0.625972 0.048516 0.187026
8 0.848086 0.602728 0.031766 0.087611
3 0.095617 0.566499 0.053016 0.018525
8 0.285727 0.586522 0.061391 0.029532
8 0.730133 0.555316 0.075609 0.016862
8 0.718070 0.597295 0.081828 0.042412
8 0.639773 0.592775 0.068672 0.023349
3 0.496094 0.632319 0.539062 0.168618
