5 0.575750 0.646281 0.103719 0.213729
5 0.780125 0.755219 0.085094 0.206396
5 0.435125 0.847281 0.069562 0.118438
5 0.366555 0.840094 0.108109 0.281521
5 0.479258 0.679823 0.050078 0.116729
5 0.131438 0.692417 0.144562 0.328833
5 0.542320 0.429594 0.042047 0.080729
5 0.399586 0.691125 0.081828 0.124958
5 0.693813 0.405177 0.162281 0.241104
3 0.507750 0.866573 0.094281 0.197813
3 0.641273 0.890552 0.094109 0.198062
5 0.057531 0.492229 0.061844 0.096708
5 0.195148 0.864125 0.128328 0.143583
5 0.483508 0.516083 0.028047 0.086125
5 0.447609 0.518760 0.032844 0.070854
