3 0.831502 0.508195 0.271878 0.147078
3 0.864061 0.228039 0.208685 0.069453
3 0.601103 0.462828 0.176291 0.044438
3 0.671056 0.413719 0.231596 0.049375
3 0.782171 0.347117 0.239554 0.043578
3 0.881021 0.310180 0.237958 0.062953
3 0.639847 0.325367 0.233920 0.086141
3 0.744695 0.250875 0.229765 0.036781
3 0.669143 0.540180 0.183638 0.067266
3 0.949953 0.346938 0.100094 0.047844
3 0.622559 0.580398 0.186009 0.054453
3 0.887042 0.407859 0.163052 0.049750
3 0.929894 0.239063 0.140211 0.040406
3 0.500000 0.390625 0.995305 0.481250
