0 0.577560 0.618610 0.097280 0.190500
0 0.387460 0.325990 0.149160 0.122420
0 0.771290 0.194190 0.093260 0.128380
0 0.864240 0.346980 0.140600 0.264880
0 0.506490 0.251840 0.115860 0.116920
0 0.797980 0.710490 0.274200 0.246940
0 0.545740 0.759480 0.126920 0.143120
0 0.402110 0.425260 0.153140 0.130560
8 0.500000 0.500000 1.000000 1.000000
0 0.477670 0.680500 0.100860 0.136640
0 0.483890 0.470490 0.122860 0.127780
0 0.648150 0.185860 0.309860 0.207120
0 0.433090 0.282810 0.223620 0.305140
0 0.819330 0.199010 0.111900 0.119140
