3 0.498277 0.867008 0.260911 0.211672
3 0.730743 0.258273 0.070990 0.061172
3 0.241178 0.449922 0.264653 0.080781
3 0.239693 0.538289 0.114317 0.027234
3 0.134446 0.859148 0.216970 0.195203
3 0.396406 0.718711 0.217010 0.098953
3 0.238723 0.150148 0.061208 0.061172
3 0.952089 0.118906 0.067941 0.053938
3 0.479911 0.795633 0.251703 0.198609
3 0.818941 0.414945 0.103624 0.158547
3 0.181426 0.675375 0.215762 0.156875
3 0.875228 0.118125 0.047921 0.043719
3 0.307564 0.510125 0.154297 0.026406
3 0.537624 0.315625 0.920792 0.515625
