3 0.141477 0.433525 0.066328 0.103613
3 0.827711 0.236074 0.111047 0.047188
3 0.937312 0.245264 0.065062 0.034902
3 0.888414 0.152861 0.092922 0.049043
3 0.988977 0.160195 0.022047 0.021328
3 0.250742 0.103740 0.078547 0.037871
3 0.331992 0.103125 0.034016 0.031328
3 0.354781 0.163408 0.057094 0.080957
3 0.915961 0.111182 0.094297 0.037402
3 0.194102 0.100898 0.054391 0.036484
3 0.353500 0.065508 0.040000 0.024609
3 0.387484 0.105088 0.067906 0.037676
3 0.380477 0.180928 0.048547 0.036230
3 0.500000 0.259766 0.996875 0.519531
