0 0.316625 0.662740 0.155656 0.259437
0 0.318797 0.498781 0.100812 0.156104
0 0.303766 0.732375 0.139844 0.196000
0 0.476727 0.713833 0.064422 0.296042
0 0.422094 0.544500 0.049969 0.222083
0 0.372234 0.579375 0.064531 0.241708
0 0.563453 0.591323 0.086188 0.275771
0 0.580875 0.709104 0.144625 0.221417
0 0.484414 0.463521 0.051172 0.155292
0 0.598008 0.752802 0.140609 0.191104
0 0.422000 0.741719 0.104719 0.227479
0 0.448953 0.525229 0.027969 0.119958
0 0.548773 0.575948 0.101547 0.249979
0 0.601562 0.676042 0.212500 0.339583
