5 0.402117 0.154063 0.129516 0.300211
3 0.936180 0.648384 0.127641 0.466651
3 0.903211 0.517213 0.087516 0.350539
3 0.690758 0.810703 0.347172 0.357611
3 0.611227 0.508735 0.094703 0.075269
3 0.840797 0.967740 0.269750 0.043021
8 0.215422 0.547319 0.430844 0.453466
3 0.063945 0.459906 0.127891 0.111991
3 0.990664 0.401194 0.018672 0.065574
5 0.381375 0.385597 0.127312 0.229742
3 0.450359 0.500796 0.192656 0.172131
3 0.197953 0.378724 0.197125 0.148782
3 0.015602 0.880515 0.020797 0.166230
5 0.316820 0.310820 0.059766 0.125246
