8 0.454562 0.873876 0.232906 0.231967
8 0.964391 0.887471 0.071219 0.224075
8 0.821617 0.252810 0.152922 0.182014
8 0.491750 0.262576 0.172906 0.175082
3 0.480727 0.530820 0.100703 0.170070
3 0.192617 0.457283 0.119703 0.232787
3 0.238305 0.897763 0.119266 0.204473
3 0.806125 0.905012 0.033594 0.189274
3 0.754133 0.447904 0.121578 0.211218
3 0.984227 0.710621 0.031547 0.167799
3 0.037852 0.715199 0.075703 0.221358
3 0.682930 0.208302 0.094453 0.233700
3 0.371859 0.389707 0.124000 0.120679
3 0.622211 0.922471 0.122953 0.132576
3 0.076047 0.536838 0.137375 0.173677
8 0.134305 0.273372 0.178672 0.171803
8 0.025609 0.892974 0.051219 0.206604
3 0.917391 0.398068 0.165219 0.225410
3 0.594242 0.388829 0.120078 0.232646
3 0.534375 0.512881 0.793750 0.861827
