3 0.187797 0.169988 0.038406 0.026250
3 0.192117 0.135967 0.036891 0.029528
3 0.566438 0.126545 0.041156 0.042241
3 0.602125 0.130035 0.038969 0.045542
3 0.571867 0.032276 0.039672 0.047665
3 0.608313 0.029139 0.033313 0.036014
3 0.605102 0.080519 0.038016 0.050802
3 0.423531 0.453691 0.038875 0.015637
3 0.824383 0.145967 0.038484 0.030330
3 0.953641 0.290377 0.038031 0.043113
3 0.757227 0.369163 0.043359 0.033797
3 0.715516 0.379434 0.039156 0.018679
3 0.718711 0.413809 0.041047 0.021108
3 0.500781 0.244104 0.992188 0.488208
