3 0.822751 0.400414 0.354498 0.192953
3 0.635115 0.349445 0.137971 0.076422
3 0.191579 0.332313 0.107720 0.056813
3 0.198525 0.327664 0.045753 0.043047
3 0.247291 0.329422 0.076883 0.047969
3 0.287866 0.328148 0.063515 0.041797
3 0.333274 0.348195 0.062699 0.075359
3 0.428054 0.325570 0.057280 0.024047
3 0.307877 0.327844 0.045669 0.037437
3 0.884289 0.718180 0.231423 0.174016
3 0.846234 0.537875 0.307280 0.108531
3 0.808651 0.374219 0.339435 0.141344
13 0.318525 0.111906 0.134958 0.094656
13 0.965335 0.151344 0.069331 0.042562
3 0.407092 0.327180 0.037699 0.026078
3 0.509414 0.339844 0.328452 0.057813
