2 0.486648 0.609181 0.102266 0.111583
2 0.692961 0.576361 0.105266 0.146722
2 0.763281 0.475986 0.098937 0.152694
2 0.386211 0.809125 0.125547 0.148528
2 0.527664 0.775903 0.125422 0.153139
2 0.218047 0.783139 0.122625 0.155056
2 0.384273 0.624722 0.106172 0.134833
2 0.201953 0.587500 0.100188 0.117444
2 0.277086 0.636736 0.110234 0.096361
2 0.627195 0.683972 0.111766 0.145556
2 0.827008 0.347889 0.099234 0.155278
2 0.539484 0.542361 0.097750 0.108556
2 0.585930 0.478653 0.082484 0.100306
2 0.084375 0.611111 0.165625 0.405556
