3 0.356820 0.273552 0.063172 0.128229
3 0.049758 0.877990 0.098953 0.244021
3 0.173117 0.901521 0.111328 0.196333
8 0.609273 0.815729 0.490453 0.310125
3 0.763828 0.495979 0.056219 0.043958
3 0.255617 0.291094 0.042609 0.039979
3 0.140625 0.331771 0.022219 0.073125
3 0.080875 0.259844 0.039500 0.083646
3 0.663516 0.304052 0.056031 0.061104
8 0.552148 0.305094 0.056391 0.093438
8 0.458430 0.630344 0.414609 0.415729
8 0.310203 0.344021 0.124750 0.083750
8 0.179672 0.313792 0.188094 0.051250
8 0.313562 0.250854 0.050906 0.072958
3 0.022609 0.206135 0.041844 0.076146
3 0.225258 0.442833 0.090609 0.072750
