3 0.745750 0.116421 0.210620 0.232843
3 0.105860 0.161297 0.208120 0.322145
3 0.912840 0.787631 0.167600 0.402244
3 0.956560 0.349900 0.085520 0.454214
2 0.709190 0.586135 0.081100 0.076409
2 0.589250 0.510536 0.069260 0.078628
2 0.615250 0.457132 0.073380 0.068678
2 0.667740 0.490062 0.068560 0.070898
2 0.787990 0.626671 0.086700 0.094040
2 0.392200 0.418416 0.067280 0.065162
2 0.337960 0.387469 0.067480 0.066708
2 0.378930 0.347569 0.063020 0.055835
2 0.425390 0.373641 0.069100 0.066334
2 0.641370 0.553055 0.069380 0.080973
2 0.453920 0.518304 0.070920 0.053566
2 0.399460 0.483404 0.073000 0.062070
3 0.105200 0.835062 0.206240 0.298703
2 0.485570 0.392519 0.070140 0.069426
8 0.485030 0.558828 0.922900 0.779401
2 0.559000 0.548628 0.594000 0.349127
