13 0.889633 0.225230 0.210200 0.141900
3 0.388883 0.681720 0.405033 0.262360
3 0.768817 0.727960 0.440833 0.290320
3 0.914017 0.479240 0.171900 0.059320
3 0.149133 0.729320 0.286733 0.351560
3 0.316800 0.501150 0.185667 0.083300
3 0.866483 0.395290 0.097767 0.016660
14 0.545417 0.296350 0.052433 0.030060
3 0.286817 0.446410 0.094700 0.046620
3 0.175750 0.412750 0.123700 0.040660
3 0.271850 0.412310 0.057833 0.032180
3 0.723100 0.477580 0.172000 0.083360
3 0.684950 0.418160 0.106433 0.039400
3 0.114717 0.493720 0.194833 0.067960
14 0.110783 0.435450 0.097633 0.034060
3 0.679133 0.512410 0.072200 0.046260
3 0.520000 0.503000 0.953333 0.282000
