3 0.794871 0.808969 0.071054 0.117938
3 0.400468 0.817164 0.193630 0.145672
3 0.537424 0.760656 0.076862 0.071125
3 0.604227 0.731117 0.058056 0.028172
3 0.482799 0.739609 0.043021 0.037687
8 0.637436 0.760867 0.117026 0.012828
8 0.312881 0.742570 0.126464 0.033547
8 0.946358 0.733281 0.061241 0.007562
8 0.845621 0.723414 0.085293 0.010172
8 0.730855 0.728313 0.114824 0.064156
8 0.430773 0.719602 0.056112 0.004547
8 0.750597 0.740336 0.092201 0.011766
8 0.538747 0.723867 0.073560 0.004984
8 0.563899 0.700047 0.065176 0.006219
8 0.398770 0.759914 0.096136 0.059609
8 0.352482 0.714133 0.084918 0.019359
5 0.899052 0.938063 0.201897 0.118844
