3 0.582229 0.640172 0.310583 0.162938
3 0.699813 0.639891 0.192917 0.189688
3 0.852417 0.485086 0.033375 0.065828
3 0.737365 0.503828 0.102188 0.091531
3 0.356865 0.556656 0.093604 0.167406
3 0.119521 0.588633 0.078292 0.177578
3 0.259177 0.514414 0.091646 0.079766
8 0.759458 0.579617 0.481083 0.096797
8 0.500000 0.829961 1.000000 0.312359
8 0.620604 0.516695 0.130750 0.103172
3 0.190125 0.609430 0.072125 0.164203
8 0.110583 0.581172 0.221167 0.191344
3 0.851948 0.527273 0.103896 0.025984
3 0.974865 0.508430 0.050271 0.018703
3 0.027625 0.702969 0.055250 0.053875
8 0.929250 0.488234 0.141500 0.076719
8 0.645979 0.460844 0.053292 0.011375
8 0.318781 0.484258 0.038062 0.010328
3 0.649948 0.518617 0.058979 0.052953
