3 0.365588 0.888807 0.072418 0.124706
3 0.266144 0.882884 0.110033 0.108154
3 0.183603 0.866021 0.093350 0.100474
3 0.100000 0.830278 0.062745 0.070588
3 0.120025 0.846928 0.036846 0.034412
8 0.289739 0.834951 0.188562 0.024641
8 0.549559 0.882704 0.171078 0.073840
8 0.135776 0.939248 0.267402 0.058562
3 0.081822 0.970131 0.153252 0.033758
3 0.459085 0.826438 0.029444 0.031471
3 0.642010 0.882598 0.049673 0.074379
3 0.443325 0.886765 0.056814 0.062745
3 0.209861 0.840613 0.060016 0.068448
3 0.094526 0.891650 0.098660 0.055948
3 0.247606 0.969951 0.137631 0.060098
8 0.207868 0.747051 0.057304 0.008088
8 0.502042 0.846062 0.080196 0.019804
8 0.079771 0.793456 0.156046 0.020408
3 0.211601 0.892157 0.423203 0.209150
