3 0.376453 0.640468 0.161437 0.214145
3 0.505055 0.631183 0.109047 0.221522
8 0.189953 0.658817 0.235469 0.174122
8 0.491961 0.623536 0.069484 0.130913
3 0.039141 0.639473 0.078281 0.174028
3 0.485359 0.586909 0.057125 0.099204
3 0.140625 0.628841 0.122719 0.200913
3 0.046742 0.591089 0.065047 0.115012
3 0.578727 0.648466 0.098953 0.231452
3 0.639289 0.656171 0.123141 0.198103
3 0.209008 0.558642 0.021953 0.040656
8 0.733219 0.553583 0.167531 0.010632
3 0.731586 0.586710 0.066547 0.108829
3 0.254875 0.530960 0.027937 0.087869
3 0.640961 0.587400 0.028578 0.111382
