3 0.897750 0.674156 0.204500 0.651687
3 0.177367 0.765958 0.349047 0.468083
8 0.511063 0.760271 0.727313 0.426958
0 0.726156 0.489896 0.033437 0.018917
0 0.689508 0.471427 0.016516 0.041646
0 0.698828 0.505979 0.012375 0.037583
0 0.664172 0.450281 0.013906 0.017937
0 0.732547 0.473135 0.039094 0.016313
0 0.750461 0.494438 0.018516 0.029000
0 0.680500 0.518813 0.012375 0.021667
0 0.709273 0.515656 0.012828 0.034229
0 0.678438 0.468531 0.015563 0.042562
0 0.755977 0.475313 0.007797 0.012708
0 0.649766 0.483260 0.042688 0.054146
0 0.791086 0.481406 0.024797 0.012687
0 0.733703 0.515354 0.036437 0.038792
0 0.514844 0.651042 0.529687 0.456250
