3 0.387039 0.900594 0.230266 0.196438
8 0.454414 0.856927 0.220578 0.176479
2 0.789430 0.705344 0.032859 0.037979
2 0.773109 0.527417 0.042156 0.050583
2 0.601781 0.443823 0.036031 0.040396
2 0.613234 0.425604 0.025938 0.025625
2 0.578523 0.436021 0.023953 0.032667
2 0.587414 0.636635 0.020828 0.021062
2 0.817258 0.542354 0.047891 0.046250
2 0.635195 0.443531 0.030984 0.036146
2 0.718844 0.506604 0.037031 0.028958
2 0.699484 0.534510 0.046531 0.029854
2 0.635148 0.645302 0.032422 0.040646
2 0.729156 0.530208 0.039500 0.034958
3 0.440906 0.756115 0.070000 0.066271
3 0.909211 0.752625 0.061703 0.088250
2 0.814969 0.700187 0.030844 0.038542
2 0.522656 0.583333 0.732812 0.370833
