8 0.587336 0.679077 0.782578 0.641846
1 0.350562 0.673972 0.216344 0.157056
1 0.758070 0.407664 0.125203 0.062103
1 0.821125 0.432056 0.310063 0.086075
1 0.542836 0.532593 0.138766 0.099206
1 0.220883 0.566040 0.072328 0.035350
1 0.761125 0.487804 0.102937 0.044766
1 0.304828 0.544171 0.071063 0.029042
1 0.471250 0.532488 0.048750 0.032407
1 0.677383 0.460012 0.043203 0.028668
1 0.210844 0.547593 0.086281 0.053084
1 0.298906 0.519311 0.071063 0.071799
1 0.509000 0.514136 0.096000 0.094626
0 0.429156 0.452710 0.022437 0.019720
0 0.452562 0.443154 0.050156 0.033178
1 0.583445 0.725818 0.150141 0.073037
1 0.492188 0.685748 0.531250 0.413551
