2 0.956227 0.767240 0.048547 0.036229
2 0.907680 0.755604 0.051859 0.030292
2 0.853414 0.755333 0.049266 0.036542
2 0.877477 0.739083 0.044391 0.030667
2 0.919414 0.720458 0.052641 0.027750
2 0.924938 0.740250 0.050313 0.031042
2 0.979820 0.750885 0.040359 0.035563
2 0.992820 0.768542 0.014359 0.031750
2 0.652703 0.725094 0.043031 0.033354
2 0.636422 0.705813 0.043562 0.029042
2 0.457539 0.688562 0.033984 0.029167
2 0.427609 0.673260 0.035937 0.023813
2 0.414203 0.661865 0.033594 0.025313
2 0.610938 0.634375 0.428125 0.181250
