3 0.784883 0.796628 0.250391 0.366276
3 0.913281 0.579719 0.169500 0.168852
3 0.323102 0.406733 0.094453 0.062927
3 0.971352 0.438993 0.057297 0.074333
3 0.946000 0.353571 0.058844 0.055808
3 0.861461 0.402190 0.072203 0.102881
3 0.837398 0.319157 0.044172 0.041265
3 0.452039 0.872354 0.244391 0.132576
3 0.741273 0.346159 0.047859 0.079719
3 0.915258 0.549063 0.025828 0.110351
3 0.797172 0.476909 0.102781 0.128384
3 0.701305 0.422400 0.074734 0.132623
3 0.754703 0.287002 0.046781 0.028571
3 0.643750 0.612412 0.678125 0.761124
