5 0.459270 0.405027 0.070140 0.241787
5 0.709360 0.523040 0.060400 0.258933
5 0.395670 0.571533 0.129660 0.171813
5 0.606520 0.404787 0.113160 0.375120
5 0.793710 0.729520 0.061380 0.087307
5 0.930700 0.545187 0.126600 0.152720
3 0.639850 0.711773 0.230380 0.360987
5 0.015920 0.681907 0.031840 0.151653
5 0.229070 0.374773 0.177100 0.252587
5 0.406610 0.414253 0.043100 0.198640
8 0.867820 0.631120 0.259600 0.144960
3 0.910060 0.803893 0.179880 0.392213
5 0.189190 0.680333 0.134820 0.236293
5 0.326130 0.295240 0.125980 0.164133
5 0.808870 0.384267 0.048820 0.171360
5 0.439000 0.458667 0.798000 0.480000
