3 0.760039 0.064333 0.201266 0.127500
8 0.500727 0.536521 0.995172 0.858208
1 0.161797 0.795500 0.316844 0.166292
1 0.651406 0.773031 0.281469 0.170771
1 0.562086 0.491667 0.110453 0.124833
1 0.418820 0.426000 0.106172 0.132583
1 0.656461 0.635958 0.193828 0.157292
1 0.502539 0.558552 0.231422 0.103604
1 0.299094 0.572073 0.152625 0.121646
1 0.373047 0.910396 0.185062 0.153250
1 0.231570 0.496583 0.078109 0.177583
1 0.479422 0.678615 0.260188 0.159271
1 0.419406 0.554479 0.221813 0.171958
1 0.321484 0.458563 0.108219 0.169875
1 0.412961 0.767500 0.240734 0.133333
1 0.323437 0.625000 0.521875 0.262500
