3 0.656458 0.529609 0.073250 0.069719
3 0.645177 0.493297 0.082312 0.019594
3 0.635469 0.455508 0.103896 0.029797
3 0.560094 0.376508 0.121188 0.036047
3 0.657896 0.472047 0.095125 0.026125
3 0.552021 0.358516 0.105750 0.021500
3 0.917240 0.391289 0.130854 0.044266
3 0.811604 0.375836 0.095250 0.044984
3 0.775063 0.257039 0.055417 0.010516
3 0.900000 0.383844 0.109083 0.019219
3 0.829812 0.324766 0.053708 0.012687
3 0.832021 0.334828 0.043625 0.013844
3 0.664958 0.385656 0.103000 0.036437
3 0.680208 0.296094 0.347917 0.054688
