5 0.868828 0.666755 0.053625 0.087047
5 0.411563 0.561922 0.031750 0.064680
5 0.667063 0.632883 0.075813 0.150891
5 0.915531 0.687242 0.052781 0.117660
4 0.251719 0.637242 0.077375 0.207855
4 0.352641 0.550181 0.133500 0.061476
3 0.601102 0.838997 0.358484 0.322006
3 0.409672 0.796267 0.224375 0.379777
3 0.050109 0.672242 0.100219 0.195181
4 0.522828 0.546003 0.129500 0.044986
3 0.824258 0.824624 0.301391 0.348969
3 0.554625 0.650571 0.143063 0.097465
3 0.940742 0.679847 0.118516 0.150279
4 0.603305 0.838496 0.353328 0.323008
4 0.940703 0.674791 0.118594 0.144958
5 0.021070 0.557841 0.034797 0.058134
13 0.630281 0.280738 0.063438 0.113064
