3 0.940853 0.758510 0.118293 0.106140
3 0.318200 0.735900 0.224827 0.090200
3 0.202253 0.936400 0.392507 0.098880
3 0.872040 0.637720 0.045680 0.035640
3 0.194653 0.643610 0.094000 0.040620
3 0.974000 0.618820 0.052000 0.022720
3 0.393467 0.633380 0.108053 0.044040
3 0.280840 0.619770 0.046747 0.026740
8 0.241307 0.834950 0.482613 0.130780
8 0.183827 0.724350 0.343600 0.055620
8 0.290373 0.675760 0.282560 0.054120
8 0.293453 0.639530 0.129040 0.022460
8 0.962813 0.642190 0.074373 0.027100
8 0.978987 0.785100 0.041760 0.026400
8 0.925867 0.722210 0.148267 0.138700
