3 0.330477 0.624883 0.065984 0.145915
3 0.712742 0.579941 0.046672 0.092512
3 0.720781 0.475951 0.026594 0.014108
3 0.226617 0.588744 0.048953 0.103263
3 0.465969 0.414906 0.024750 0.012723
3 0.105906 0.623063 0.055125 0.130728
3 0.105344 0.587946 0.055563 0.074906
3 0.820641 0.604953 0.059437 0.121174
3 0.048188 0.589131 0.038750 0.102394
3 0.115773 0.394566 0.048141 0.087066
3 0.218516 0.382758 0.030969 0.033685
3 0.819305 0.417488 0.052359 0.079484
3 0.327188 0.552171 0.066219 0.035047
3 0.446094 0.477700 0.807813 0.260563
