14 0.680016 0.830732 0.253000 0.336276
14 0.255953 0.737082 0.199719 0.283159
14 0.258469 0.575282 0.104062 0.062908
3 0.274117 0.420544 0.059203 0.104351
3 0.519781 0.845722 0.100937 0.286046
3 0.408750 0.846705 0.134969 0.306590
3 0.349547 0.420879 0.029656 0.053808
3 0.523656 0.669665 0.073844 0.094393
3 0.635500 0.666559 0.157750 0.078682
3 0.740625 0.620262 0.036281 0.064247
3 0.213266 0.394854 0.013750 0.032510
3 0.131906 0.382406 0.013437 0.050084
3 0.077812 0.961496 0.155625 0.077008
3 0.267852 0.967134 0.174797 0.065732
13 0.324930 0.186705 0.501109 0.351109
3 0.318516 0.401642 0.029687 0.039142
3 0.572414 0.607322 0.029609 0.041925
