13 0.164213 0.217267 0.176075 0.182867
3 0.182425 0.078900 0.144050 0.107933
2 0.545175 0.831400 0.038700 0.034200
2 0.569387 0.819333 0.044375 0.028533
2 0.619875 0.800833 0.049750 0.061667
2 0.644638 0.782800 0.055175 0.048400
2 0.686388 0.754717 0.042475 0.038767
2 0.426187 0.711217 0.054225 0.057167
2 0.703575 0.737250 0.042050 0.044033
2 0.489663 0.660717 0.047425 0.055500
2 0.670100 0.768350 0.039600 0.037233
2 0.598025 0.809600 0.053650 0.044333
2 0.518388 0.854183 0.028975 0.041433
15 0.102587 0.325133 0.045625 0.027267
2 0.395388 0.742950 0.031475 0.032433
8 0.315887 0.864817 0.424875 0.236433
