3 0.311969 0.927073 0.027594 0.069836
3 0.240508 0.893126 0.031797 0.072248
3 0.388219 0.972588 0.045219 0.054824
3 0.614664 0.886581 0.038953 0.065105
3 0.346219 0.984215 0.038312 0.029087
3 0.475867 0.909731 0.042141 0.066300
3 0.479758 0.944438 0.033203 0.046534
3 0.650500 0.978290 0.037469 0.043419
3 0.249227 0.969122 0.047266 0.061756
3 0.395875 0.902681 0.038687 0.066253
3 0.369648 0.954824 0.023141 0.024871
3 0.986430 0.879684 0.020797 0.030281
3 0.981437 0.926698 0.032156 0.064965
3 0.927117 0.971499 0.034547 0.056815
3 0.404687 0.925059 0.593750 0.145199
