14 0.476125 0.438198 0.207313 0.224729
14 0.241008 0.381646 0.117984 0.197750
14 0.197125 0.607073 0.279719 0.218812
14 0.348453 0.508135 0.221563 0.252354
14 0.341422 0.374313 0.101969 0.154542
3 0.093734 0.442927 0.170125 0.151229
14 0.227531 0.688083 0.269656 0.137083
14 0.565945 0.424354 0.150672 0.075458
14 0.029344 0.646948 0.058688 0.086104
14 0.078297 0.608990 0.149844 0.119229
14 0.540703 0.279875 0.141656 0.053667
14 0.675789 0.320323 0.113047 0.061271
14 0.157492 0.506885 0.174328 0.084646
14 0.058820 0.548427 0.116266 0.086354
