3 0.101320 0.933604 0.059453 0.121083
3 0.126688 0.055188 0.037156 0.036042
3 0.086852 0.048781 0.033141 0.031563
3 0.114992 0.015531 0.037859 0.028063
3 0.949531 0.024823 0.031969 0.032063
3 0.343047 0.049052 0.034781 0.032313
3 0.696102 0.044542 0.038422 0.049583
3 0.226195 0.899167 0.075734 0.137458
3 0.080383 0.015531 0.032672 0.026979
3 0.838430 0.036708 0.036578 0.045750
3 0.806367 0.038708 0.029359 0.046542
3 0.983437 0.023583 0.033125 0.032042
3 0.664195 0.043844 0.034391 0.045437
3 0.074219 0.510417 0.145313 0.962500
