0 0.415367 0.442700 0.110172 0.310118
0 0.470945 0.540896 0.089828 0.236604
0 0.506547 0.473726 0.053594 0.100896
0 0.316359 0.147936 0.206937 0.121344
0 0.413742 0.205059 0.093953 0.073373
0 0.531281 0.326203 0.118313 0.161085
0 0.354328 0.328090 0.095281 0.251698
0 0.302969 0.113479 0.153344 0.226958
0 0.373977 0.074481 0.103047 0.118349
0 0.299984 0.316851 0.072938 0.130354
0 0.446219 0.332795 0.267406 0.389599
0 0.590523 0.297724 0.146609 0.146722
0 0.335555 0.246757 0.048172 0.103892
0 0.367969 0.416274 0.210938 0.450472
