5 0.657680 0.791256 0.074734 0.139413
5 0.723586 0.748803 0.129578 0.112488
5 0.658734 0.662840 0.099219 0.076197
5 0.848922 0.482406 0.249781 0.229930
5 0.648391 0.736984 0.111750 0.129883
5 0.128750 0.586420 0.126750 0.200634
5 0.614719 0.436631 0.114344 0.158568
5 0.826828 0.896925 0.197094 0.206150
5 0.712938 0.201244 0.114187 0.160563
5 0.147875 0.764930 0.066969 0.085915
5 0.025477 0.640000 0.049672 0.151502
5 0.957297 0.888310 0.085406 0.186995
5 0.104008 0.869789 0.135203 0.177089
5 0.499219 0.512911 0.998437 0.969484
