0 0.208086 0.604313 0.037703 0.209875
0 0.262586 0.660646 0.064984 0.135833
0 0.590977 0.671042 0.036734 0.077917
0 0.312773 0.447104 0.022797 0.048708
8 0.089125 0.806281 0.178250 0.340813
0 0.507672 0.395500 0.038969 0.070125
0 0.342398 0.784448 0.072859 0.250937
0 0.584266 0.904531 0.023500 0.064896
0 0.245484 0.802844 0.041031 0.114229
0 0.648898 0.296542 0.044641 0.050542
0 0.907555 0.748406 0.046984 0.068812
0 0.170102 0.576042 0.038234 0.158125
0 0.800742 0.648250 0.027984 0.027125
0 0.493750 0.803125 0.762500 0.202083
