3 0.840672 0.768737 0.126312 0.257268
3 0.665266 0.604987 0.078781 0.218479
3 0.571063 0.452848 0.054500 0.058015
3 0.504898 0.433363 0.077953 0.068119
3 0.208625 0.691186 0.161781 0.219433
3 0.558023 0.771985 0.143797 0.323557
3 0.705273 0.746082 0.134984 0.246546
3 0.575820 0.547564 0.095797 0.137603
3 0.430492 0.430503 0.068547 0.063995
3 0.237695 0.403247 0.077328 0.070103
3 0.485047 0.502552 0.071563 0.063144
3 0.521805 0.386881 0.040859 0.042680
3 0.144008 0.494497 0.058391 0.127397
3 0.332813 0.438144 0.350000 0.247423
