3 0.478563 0.256125 0.037625 0.020375
3 0.460242 0.296573 0.048578 0.060979
3 0.669602 0.343625 0.044828 0.030708
3 0.520188 0.258094 0.042906 0.021604
3 0.422633 0.285833 0.043141 0.041375
3 0.559289 0.259740 0.037609 0.020771
3 0.590297 0.295344 0.044094 0.059479
3 0.599375 0.258792 0.036375 0.022000
3 0.506719 0.286562 0.043625 0.035792
3 0.462648 0.217896 0.039453 0.021042
3 0.166016 0.216385 0.041625 0.040021
3 0.138422 0.351448 0.055375 0.026854
3 0.484422 0.183250 0.036312 0.016500
3 0.500000 0.207292 0.996875 0.410417
