3 0.077552 0.878148 0.150521 0.193859
3 0.238031 0.841914 0.101896 0.147328
3 0.282708 0.833336 0.067583 0.142984
3 0.486948 0.880547 0.246938 0.181344
3 0.363438 0.806617 0.096458 0.130953
3 0.811333 0.886125 0.173000 0.170031
3 0.529594 0.852703 0.198229 0.146656
3 0.815823 0.811453 0.167438 0.058937
3 0.460604 0.759492 0.044708 0.042672
3 0.618333 0.748258 0.049042 0.036141
3 0.429823 0.765844 0.059479 0.047844
8 0.713031 0.791813 0.101312 0.009437
8 0.752771 0.777594 0.075750 0.016063
8 0.164281 0.777195 0.080062 0.013422
8 0.839490 0.746375 0.170146 0.030969
3 0.164104 0.868867 0.081875 0.170391
8 0.688375 0.808984 0.113500 0.011312
8 0.761521 0.763734 0.077125 0.006000
8 0.098833 0.788188 0.072667 0.009969
8 0.787604 0.753852 0.049292 0.008078
8 0.051354 0.801320 0.096250 0.013891
8 0.241385 0.767156 0.096104 0.008438
3 0.827833 0.790523 0.099750 0.018203
8 0.783948 0.751750 0.049396 0.006438
8 0.276052 0.760133 0.045396 0.004484
8 0.402083 0.663281 0.804167 0.607812
3 0.465625 0.800000 0.931250 0.334375
