3 0.948039 0.488742 0.048297 0.028699
3 0.870141 0.405693 0.033875 0.031727
3 0.906289 0.405768 0.036016 0.025949
3 0.939836 0.401599 0.032141 0.020469
3 0.977922 0.400522 0.038250 0.021386
3 0.969953 0.421535 0.036469 0.025629
3 0.977578 0.440171 0.039344 0.024819
3 0.929906 0.460757 0.043000 0.025437
3 0.098367 0.322356 0.029516 0.022367
3 0.779039 0.233433 0.031859 0.015437
3 0.896297 0.425373 0.036094 0.021407
3 0.724703 0.292356 0.040750 0.020746
3 0.893859 0.484840 0.077750 0.023582
3 0.500000 0.382729 0.996875 0.663113
