5 0.440102 0.281854 0.065984 0.079250
4 0.275813 0.456990 0.500000 0.273104
3 0.080469 0.596458 0.151281 0.158792
3 0.637563 0.437677 0.097188 0.167646
4 0.800672 0.538292 0.347969 0.290542
16 0.549031 0.571260 0.021969 0.020271
3 0.411516 0.660458 0.169813 0.208333
3 0.506805 0.508406 0.124266 0.142146
3 0.824594 0.678771 0.164563 0.238708
3 0.616008 0.769667 0.207297 0.267417
5 0.085148 0.313271 0.075328 0.124917
3 0.362000 0.570917 0.143219 0.196167
3 0.089031 0.740469 0.168719 0.185729
3 0.843914 0.383073 0.040484 0.102063
3 0.884789 0.403688 0.047609 0.091542
3 0.962016 0.441021 0.061687 0.155042
3 0.985344 0.368031 0.029313 0.052104
8 0.947078 0.419250 0.105844 0.043500
16 0.559898 0.558167 0.016672 0.015250
