3 0.222398 0.767377 0.091828 0.154848
3 0.432594 0.717213 0.084656 0.101077
3 0.405758 0.688888 0.068359 0.159649
3 0.703063 0.752681 0.086094 0.189251
8 0.449766 0.874906 0.591844 0.225878
8 0.338281 0.608981 0.082937 0.045269
8 0.733453 0.662342 0.190688 0.091897
3 0.517977 0.654684 0.051641 0.120609
3 0.948188 0.770164 0.069187 0.175082
3 0.978242 0.916885 0.043516 0.166230
8 0.709141 0.547237 0.080437 0.031007
8 0.039086 0.704040 0.078172 0.106347
8 0.753719 0.590176 0.050750 0.027330
8 0.532672 0.574016 0.037687 0.036979
8 0.009180 0.709192 0.018359 0.018525
