5 0.064047 0.332583 0.080906 0.094375
5 0.908398 0.753500 0.183203 0.369167
5 0.776125 0.761802 0.119656 0.453937
5 0.048766 0.464354 0.097531 0.199542
5 0.625664 0.412292 0.068984 0.157250
5 0.742664 0.429563 0.074484 0.135375
5 0.354422 0.658354 0.130875 0.320417
5 0.496719 0.737990 0.080219 0.117313
5 0.277953 0.181188 0.053438 0.079167
5 0.232906 0.588458 0.028594 0.060542
5 0.310258 0.469615 0.031953 0.056063
5 0.262789 0.468594 0.066328 0.068604
5 0.581633 0.435104 0.062953 0.108333
5 0.498437 0.365625 0.996875 0.497917
