3 0.345414 0.234177 0.044516 0.082646
3 0.322438 0.180854 0.044125 0.022125
3 0.301445 0.205552 0.036234 0.026313
3 0.289047 0.178656 0.030844 0.027813
3 0.181406 0.132667 0.029500 0.025458
3 0.566156 0.181292 0.049969 0.023458
3 0.544398 0.150615 0.042984 0.021104
3 0.552086 0.127479 0.030203 0.017958
3 0.614844 0.180531 0.037687 0.020021
3 0.404969 0.184302 0.039844 0.082021
3 0.389172 0.127896 0.038656 0.015500
5 0.865531 0.494760 0.134125 0.141187
5 0.066227 0.455781 0.118141 0.106229
3 0.187195 0.261437 0.046047 0.023792
3 0.400922 0.102917 0.041125 0.017125
3 0.500000 0.294792 0.996875 0.497917
