8 0.305320 0.878651 0.603453 0.193255
8 0.770156 0.340762 0.171219 0.055484
2 0.430859 0.869091 0.058500 0.054897
2 0.378891 0.869106 0.057437 0.060029
2 0.379992 0.910762 0.056953 0.056657
2 0.453375 0.905176 0.053844 0.068358
2 0.100578 0.670601 0.046969 0.039150
2 0.207906 0.776393 0.029781 0.061818
2 0.418062 0.911906 0.032906 0.044809
2 0.234430 0.757258 0.013484 0.042903
2 0.817766 0.701642 0.051406 0.079413
2 0.462188 0.462287 0.031094 0.045572
2 0.097953 0.437111 0.021250 0.041320
8 0.777867 0.276510 0.199391 0.053842
8 0.077148 0.650997 0.154297 0.314370
