3 0.938203 0.621188 0.123594 0.093167
3 0.576156 0.455500 0.067500 0.026125
14 0.783008 0.549927 0.211266 0.296521
14 0.230055 0.468490 0.162891 0.123604
14 0.397992 0.451937 0.070297 0.088667
14 0.485367 0.444021 0.061641 0.066958
14 0.721602 0.495740 0.138422 0.167146
14 0.514578 0.442990 0.024500 0.053812
14 0.330656 0.456615 0.103094 0.096771
14 0.096359 0.486688 0.189344 0.166208
14 0.670047 0.434552 0.010312 0.043813
14 0.648867 0.436406 0.012797 0.040063
14 0.706977 0.528010 0.023453 0.032479
15 0.408477 0.757667 0.110422 0.044625
15 0.033375 0.767198 0.066750 0.046312
3 0.334328 0.460635 0.022937 0.049979
14 0.708461 0.502271 0.027516 0.014167
