8 0.666836 0.906710 0.524203 0.186581
3 0.399602 0.505433 0.113641 0.295082
3 0.631367 0.531253 0.113922 0.347939
3 0.793727 0.362143 0.050891 0.090000
3 0.808758 0.432916 0.021953 0.083255
3 0.113984 0.635504 0.067312 0.294614
3 0.968578 0.798290 0.019281 0.115597
3 0.979984 0.602506 0.040031 0.305621
3 0.796375 0.426452 0.026844 0.105082
8 0.132812 0.394555 0.197281 0.056323
8 0.947539 0.420222 0.104922 0.058431
3 0.623750 0.353595 0.099406 0.081803
3 0.980312 0.360094 0.039375 0.074005
3 0.162742 0.434333 0.130016 0.173349
3 0.054523 0.357541 0.086234 0.103372
5 0.554547 0.198700 0.218344 0.288314
5 0.947109 0.225738 0.105781 0.338033
5 0.127102 0.222705 0.228328 0.298337
8 0.188383 0.889567 0.372734 0.220867
8 0.459008 0.436862 0.049984 0.117237
3 0.240906 0.393150 0.077031 0.174450
3 0.539062 0.644028 0.806250 0.674473
