14 0.497188 0.679104 0.343812 0.573042
14 0.782820 0.231313 0.361672 0.087083
14 0.417133 0.142729 0.333172 0.239292
14 0.772773 0.318385 0.370922 0.111479
14 0.754781 0.363490 0.340687 0.112479
14 0.422734 0.213292 0.333344 0.205000
14 0.391047 0.300448 0.287906 0.114229
14 0.141797 0.152146 0.278906 0.196875
14 0.145313 0.192771 0.285938 0.203125
14 0.131336 0.264354 0.260141 0.153625
14 0.396156 0.345740 0.308688 0.107229
14 0.407414 0.366260 0.303703 0.101229
14 0.487445 0.277802 0.974891 0.555604
14 0.748437 0.532292 0.340625 0.368750
