3 0.800852 0.258232 0.008891 0.009719
3 0.781039 0.237049 0.010766 0.007775
3 0.900664 0.179309 0.011078 0.008548
3 0.854859 0.213770 0.011000 0.007026
3 0.737602 0.249438 0.011078 0.007681
3 0.797211 0.208384 0.011172 0.006230
3 0.803461 0.237623 0.011578 0.005410
3 0.806500 0.254297 0.014438 0.012014
3 0.635961 0.213232 0.012953 0.007635
3 0.819859 0.253923 0.013062 0.010094
3 0.684281 0.258431 0.010750 0.005761
3 0.671437 0.259192 0.015281 0.008033
3 0.856602 0.233642 0.013266 0.007799
3 0.500000 0.386417 0.996875 0.622951
