3 0.411851 0.259070 0.077849 0.055234
3 0.493215 0.258672 0.080798 0.053812
3 0.472927 0.333742 0.074324 0.036609
3 0.038747 0.334836 0.067783 0.033547
5 0.173592 0.598359 0.157517 0.236187
5 0.443448 0.676555 0.509956 0.074703
5 0.308093 0.630695 0.223459 0.156172
5 0.125155 0.696922 0.039712 0.053562
5 0.060355 0.691062 0.109091 0.056281
3 0.963670 0.256945 0.066231 0.050109
3 0.560122 0.334664 0.056253 0.041891
3 0.799368 0.176859 0.072040 0.052062
3 0.888980 0.177078 0.072550 0.050875
3 0.967727 0.178773 0.064545 0.057203
5 0.712184 0.583969 0.112572 0.069531
