8 0.492133 0.718647 0.080828 0.057106
3 0.040047 0.769847 0.077719 0.208353
3 0.260437 0.737871 0.126656 0.182894
3 0.447094 0.723353 0.111719 0.212259
3 0.754117 0.721635 0.108297 0.167224
3 0.960500 0.721259 0.078000 0.142612
3 0.389125 0.744800 0.184969 0.193459
3 0.881344 0.681518 0.030875 0.027365
3 0.608773 0.731094 0.063734 0.147835
3 0.707109 0.739694 0.159344 0.160047
3 0.848898 0.701400 0.041984 0.070329
3 0.574492 0.757765 0.067547 0.144612
3 0.148609 0.736706 0.053469 0.074965
3 0.555469 0.776471 0.795312 0.202353
