3 0.398242 0.772639 0.132141 0.206889
3 0.627500 0.905514 0.178594 0.166306
3 0.304891 0.915403 0.206156 0.140250
3 0.604000 0.828681 0.155625 0.153250
3 0.573383 0.710153 0.102828 0.103750
8 0.487063 0.742361 0.232938 0.087056
8 0.445367 0.940000 0.390453 0.091778
5 0.703758 0.269056 0.163953 0.457389
5 0.309188 0.239847 0.140937 0.309250
5 0.143398 0.194167 0.053047 0.077056
5 0.934656 0.251944 0.130688 0.503889
8 0.854547 0.733528 0.078875 0.220056
5 0.201922 0.208486 0.109875 0.250194
5 0.027602 0.425472 0.055203 0.159222
5 0.048750 0.054403 0.095437 0.105472
