2 0.216062 0.473056 0.117124 0.109412
2 0.326961 0.466291 0.123595 0.123595
2 0.450564 0.472116 0.122402 0.113415
2 0.568301 0.690123 0.112549 0.115670
2 0.564142 0.466356 0.109657 0.105490
2 0.445400 0.341781 0.103644 0.105033
2 0.551691 0.347958 0.110114 0.111601
2 0.675441 0.232761 0.110392 0.113301
2 0.664698 0.343570 0.121193 0.121193
2 0.796038 0.346021 0.122239 0.117990
2 0.912304 0.354984 0.123301 0.111601
2 0.799690 0.582623 0.104837 0.112696
2 0.797590 0.691642 0.108676 0.111585
2 0.515523 0.407680 0.939542 0.710784
