3 0.384789 0.618103 0.092922 0.028044
3 0.278109 0.616838 0.100281 0.024503
3 0.696891 0.591189 0.069594 0.071383
3 0.854523 0.484452 0.095922 0.130860
3 0.725023 0.439174 0.054172 0.051366
3 0.229906 0.531071 0.096500 0.087268
3 0.962070 0.333971 0.049203 0.093609
3 0.122328 0.518938 0.097281 0.051602
3 0.399422 0.317698 0.021250 0.032125
3 0.472320 0.119688 0.088047 0.072395
3 0.599789 0.082521 0.082516 0.096476
3 0.511352 0.084874 0.089641 0.093288
3 0.567156 0.105927 0.080719 0.048820
3 0.474219 0.357504 0.748437 0.708263
