2 0.958600 0.919627 0.079120 0.060030
2 0.849960 0.885791 0.076680 0.056716
2 0.978010 0.862896 0.043980 0.020000
2 0.863610 0.858672 0.071500 0.049522
2 0.837960 0.814045 0.063840 0.046776
2 0.793720 0.826776 0.044360 0.039403
2 0.755570 0.811761 0.060820 0.024955
2 0.393810 0.805985 0.057380 0.052149
2 0.351140 0.793149 0.045480 0.046239
2 0.301310 0.779179 0.057340 0.042776
2 0.238640 0.768239 0.058960 0.035821
2 0.079180 0.718179 0.053960 0.059761
2 0.150060 0.740881 0.046480 0.034299
2 0.499000 0.708955 0.998000 0.420896
