8 0.762555 0.668541 0.167141 0.330353
8 0.172086 0.436835 0.189328 0.194188
8 0.857008 0.293165 0.044391 0.058000
3 0.307148 0.475988 0.109422 0.231788
3 0.648492 0.794247 0.193078 0.407365
3 0.925953 0.804494 0.138781 0.301129
3 0.500945 0.664224 0.099828 0.357718
3 0.481063 0.413435 0.064844 0.169600
3 0.154102 0.784635 0.236734 0.367718
3 0.407703 0.302824 0.031344 0.122965
3 0.920969 0.403188 0.073906 0.173106
3 0.446203 0.256565 0.017563 0.074212
5 0.922422 0.232906 0.055344 0.071129
8 0.660930 0.380776 0.063172 0.115624
3 0.285094 0.385576 0.046437 0.127953
3 0.203789 0.502082 0.080297 0.229906
3 0.814844 0.311976 0.036062 0.070682
8 0.962320 0.349235 0.046797 0.026329
8 0.368766 0.271553 0.022031 0.028941
8 0.009969 0.661094 0.019938 0.083176
8 0.148234 0.251271 0.061531 0.074118
8 0.229820 0.320153 0.047484 0.072635
8 0.304750 0.249529 0.018531 0.039576
3 0.626070 0.312035 0.029328 0.059082
5 0.575859 0.204200 0.041500 0.076776
13 0.759789 0.144153 0.156953 0.210376
3 0.376563 0.307059 0.753125 0.176471
