0 0.410602 0.374626 0.092297 0.144813
0 0.569187 0.364393 0.092469 0.128037
0 0.436805 0.743318 0.083641 0.152664
0 0.347750 0.711764 0.103844 0.171752
0 0.479461 0.301530 0.052422 0.038341
0 0.529695 0.338353 0.075422 0.140304
0 0.479484 0.435584 0.028313 0.114439
0 0.473969 0.776320 0.050156 0.149229
0 0.408578 0.332745 0.111062 0.114463
0 0.513742 0.256028 0.121016 0.057710
0 0.576852 0.291787 0.025891 0.039369
0 0.549234 0.498026 0.054937 0.134696
0 0.305352 0.514100 0.101328 0.139182
0 0.369531 0.540888 0.551562 0.750000
