8 0.658102 0.656607 0.144672 0.044737
8 0.792344 0.823518 0.217656 0.320000
8 0.144023 0.760097 0.143359 0.209003
3 0.681828 0.861662 0.141594 0.276676
3 0.106477 0.908989 0.210422 0.182022
3 0.624070 0.776773 0.094734 0.206233
3 0.566328 0.736967 0.037437 0.195097
3 0.528906 0.711468 0.059062 0.172964
3 0.476727 0.684972 0.064266 0.157202
3 0.395102 0.609834 0.032703 0.090803
3 0.298602 0.838061 0.146891 0.323878
3 0.199398 0.822382 0.076078 0.350416
3 0.831516 0.907853 0.088719 0.161801
3 0.228203 0.661122 0.091250 0.106510
3 0.428445 0.654072 0.042641 0.142327
8 0.237047 0.577798 0.097125 0.070055
8 0.508586 0.597784 0.035359 0.028975
