3 0.107766 0.662906 0.078375 0.293854
3 0.175242 0.523500 0.085859 0.139708
3 0.852195 0.796177 0.163859 0.387396
3 0.352352 0.473958 0.080641 0.044792
3 0.909633 0.442062 0.096578 0.209792
3 0.214250 0.447021 0.079750 0.153708
3 0.259359 0.396552 0.025250 0.128521
3 0.338266 0.525865 0.115437 0.080104
3 0.317750 0.391698 0.022750 0.101312
3 0.931016 0.341490 0.064187 0.036104
3 0.977203 0.435188 0.045594 0.150750
1 0.619141 0.535167 0.171875 0.182292
8 0.837719 0.574510 0.281438 0.171354
8 0.913711 0.463135 0.139672 0.216396
3 0.984547 0.335292 0.030906 0.040833
