2 0.648650 0.898640 0.094580 0.087840
2 0.290440 0.897467 0.098920 0.130720
2 0.396470 0.795680 0.115180 0.147307
2 0.516610 0.738320 0.124540 0.142347
2 0.747370 0.859600 0.112020 0.157760
2 0.519910 0.937107 0.112020 0.125787
2 0.543450 0.873320 0.109380 0.127760
2 0.419580 0.951160 0.098840 0.072347
2 0.813470 0.917627 0.123900 0.164160
2 0.242110 0.948200 0.130740 0.103600
2 0.608530 0.818080 0.093020 0.100800
2 0.468990 0.856827 0.081380 0.126613
2 0.331400 0.883173 0.086400 0.144853
2 0.477000 0.846667 0.646000 0.301333
