3 0.740258 0.201992 0.019110 0.006547
3 0.291405 0.349664 0.026276 0.013797
3 0.263759 0.361750 0.026066 0.017625
3 0.092518 0.249305 0.025738 0.010609
3 0.266370 0.214789 0.033864 0.018641
3 0.642061 0.163383 0.023044 0.017047
3 0.489532 0.335883 0.029649 0.021047
3 0.522693 0.331125 0.031897 0.032063
3 0.555504 0.336031 0.038548 0.026188
3 0.237588 0.376406 0.031522 0.025875
3 0.277354 0.355617 0.022717 0.013609
3 0.302810 0.345305 0.030726 0.017109
3 0.341956 0.349125 0.024660 0.012344
3 0.498829 0.219531 0.997658 0.370312
