5 0.593109 0.653466 0.056406 0.080334
5 0.671070 0.552035 0.043672 0.086618
5 0.635078 0.670511 0.052187 0.080981
5 0.256297 0.636722 0.126688 0.195324
5 0.317586 0.647161 0.056703 0.081044
5 0.608047 0.430073 0.033125 0.058601
5 0.579367 0.425084 0.028203 0.053340
5 0.641016 0.435668 0.030375 0.082192
5 0.464992 0.519123 0.025547 0.066180
5 0.452352 0.514656 0.012141 0.058914
5 0.143008 0.586367 0.122828 0.218539
5 0.847336 0.813967 0.305328 0.328852
5 0.536117 0.636587 0.058016 0.082818
5 0.552344 0.730689 0.848437 0.534447
