8 0.632930 0.791762 0.730797 0.392924
8 0.508500 0.422663 0.178375 0.226997
8 0.816406 0.318616 0.074500 0.081619
3 0.547961 0.421841 0.111328 0.240235
3 0.618227 0.308734 0.057359 0.053342
3 0.788281 0.314295 0.071875 0.101436
3 0.692719 0.317493 0.064719 0.096971
3 0.692195 0.353277 0.585766 0.218721
3 0.420719 0.403368 0.053531 0.194935
3 0.901617 0.310170 0.038484 0.093290
3 0.403820 0.390261 0.048359 0.200679
3 0.732375 0.308185 0.036594 0.113655
3 0.497406 0.383381 0.065125 0.233603
3 0.618805 0.266005 0.016484 0.032742
