0 0.074313 0.847891 0.071542 0.039031
0 0.269667 0.903367 0.107875 0.080891
0 0.309917 0.769578 0.066042 0.089156
0 0.314927 0.699852 0.033271 0.060234
0 0.733479 0.728039 0.103000 0.030516
0 0.416906 0.858406 0.063646 0.072344
0 0.656323 0.597570 0.161688 0.020453
0 0.328042 0.612187 0.098333 0.068094
0 0.413312 0.665750 0.008083 0.021750
0 0.541990 0.253750 0.301312 0.202594
0 0.486490 0.586828 0.079729 0.041031
0 0.802469 0.695000 0.140854 0.038687
0 0.436000 0.747898 0.050333 0.023141
0 0.498958 0.487500 0.997917 0.975000
