3 0.688469 0.272037 0.052531 0.097190
3 0.712891 0.299485 0.062469 0.080515
3 0.275875 0.245351 0.055000 0.034778
3 0.282438 0.227588 0.050625 0.068478
3 0.514422 0.269286 0.052375 0.084614
3 0.356578 0.170117 0.041531 0.030070
3 0.492602 0.036206 0.044766 0.021546
3 0.881445 0.130773 0.052328 0.049274
3 0.891578 0.156909 0.051156 0.029508
3 0.872648 0.085539 0.042359 0.022178
3 0.413523 0.169813 0.052047 0.033302
3 0.410461 0.226909 0.051891 0.068899
3 0.332242 0.244145 0.050047 0.032084
3 0.499219 0.172131 0.998437 0.344262
