8 0.500000 0.520270 1.000000 0.939178
2 0.257062 0.342876 0.163187 0.161948
2 0.382695 0.420329 0.163391 0.175728
2 0.372141 0.269777 0.146437 0.149085
2 0.521242 0.261631 0.132953 0.134859
2 0.647469 0.314284 0.133125 0.166221
2 0.772547 0.367183 0.163562 0.158263
2 0.821688 0.493826 0.174156 0.158028
2 0.780000 0.619296 0.184031 0.191221
2 0.632086 0.745904 0.208109 0.237723
2 0.423969 0.745728 0.218438 0.235164
2 0.250742 0.640047 0.203578 0.247277
2 0.421375 0.553873 0.184812 0.193052
2 0.596391 0.578192 0.178281 0.199061
2 0.423438 0.443662 0.640625 0.281690
