13 0.933898 0.244573 0.130641 0.168521
3 0.958203 0.802167 0.081875 0.229042
8 0.591688 0.636792 0.436906 0.290083
8 0.301328 0.401260 0.157812 0.035229
8 0.628367 0.361344 0.059578 0.018312
8 0.167758 0.343427 0.061266 0.044437
3 0.228133 0.436521 0.070016 0.126750
13 0.525039 0.175594 0.070984 0.068062
3 0.204961 0.709146 0.074141 0.159458
3 0.046344 0.357167 0.039813 0.070500
3 0.244609 0.370667 0.037219 0.041875
3 0.887875 0.897698 0.167625 0.192979
3 0.083125 0.742052 0.113875 0.208896
3 0.755422 0.964521 0.083094 0.070958
3 0.424266 0.919375 0.134313 0.154167
3 0.355406 0.381823 0.048344 0.029521
3 0.109039 0.418115 0.061516 0.119396
3 0.242406 0.392406 0.020563 0.019104
8 0.908813 0.421115 0.051062 0.026812
8 0.572492 0.354542 0.065328 0.021667
8 0.817344 0.412104 0.061156 0.020792
