0 0.885156 0.725841 0.120219 0.085374
0 0.455438 0.516250 0.153375 0.184463
0 0.656234 0.615537 0.118031 0.343692
0 0.734125 0.630327 0.118719 0.123598
0 0.358609 0.465713 0.179437 0.361893
0 0.775461 0.266998 0.054172 0.152126
0 0.356914 0.766297 0.091672 0.094369
0 0.186984 0.723832 0.158656 0.115607
0 0.498937 0.655058 0.201375 0.253949
0 0.449219 0.488960 0.045531 0.069883
0 0.314422 0.349591 0.141406 0.136425
8 0.500000 0.500000 1.000000 1.000000
0 0.292344 0.780362 0.063781 0.059369
0 0.587109 0.249357 0.284875 0.140257
0 0.424219 0.508178 0.845313 0.656542
