3 0.599660 0.453827 0.260120 0.135120
3 0.468960 0.408493 0.159400 0.091707
3 0.702600 0.377280 0.187040 0.102240
8 0.422290 0.804053 0.841220 0.371627
1 0.415450 0.735947 0.466860 0.280907
3 0.673580 0.252093 0.093320 0.102427
3 0.356830 0.202440 0.056380 0.061040
3 0.945130 0.593093 0.109740 0.502133
8 0.559550 0.336347 0.280180 0.068533
8 0.366660 0.355067 0.197320 0.143680
1 0.560670 0.230920 0.024300 0.084880
3 0.285070 0.244640 0.066820 0.085707
3 0.367340 0.240973 0.074440 0.082907
3 0.406320 0.388413 0.041240 0.022800
3 0.327080 0.233173 0.066440 0.099413
3 0.811240 0.361453 0.084920 0.132613
