13 0.657727 0.239844 0.167609 0.119646
3 0.577141 0.622510 0.102563 0.260479
3 0.319664 0.555385 0.114172 0.191021
14 0.868008 0.740583 0.153203 0.119958
14 0.727977 0.507802 0.076859 0.070271
3 0.570539 0.458625 0.010297 0.019542
14 0.745797 0.477729 0.057469 0.072375
14 0.795086 0.485406 0.048891 0.087104
3 0.961070 0.609292 0.077516 0.161500
3 0.164414 0.791187 0.258547 0.377583
3 0.229031 0.585698 0.068281 0.121563
14 0.797867 0.512604 0.036172 0.093292
14 0.043203 0.573708 0.086406 0.130292
14 0.159695 0.494010 0.027078 0.069771
14 0.236563 0.419229 0.026094 0.035417
14 0.363930 0.435802 0.038922 0.060146
