3 0.195830 0.262967 0.144340 0.329970
3 0.287630 0.452666 0.319300 0.692620
3 0.698420 0.288886 0.361400 0.349880
3 0.462660 0.070964 0.117080 0.129036
3 0.807250 0.072666 0.179060 0.128102
3 0.951330 0.184578 0.097340 0.318916
8 0.817790 0.200452 0.364420 0.141867
8 0.099970 0.332575 0.193980 0.202259
8 0.183530 0.102244 0.361100 0.060693
3 0.507090 0.288810 0.210580 0.386355
4 0.604340 0.681822 0.791320 0.345452
3 0.364390 0.079518 0.123940 0.159036
3 0.064000 0.220361 0.093560 0.037470
4 0.322160 0.861325 0.644320 0.237048
