3 0.220531 0.456053 0.179094 0.150155
3 0.525641 0.448126 0.162531 0.124945
3 0.606992 0.443914 0.114984 0.112749
3 0.694453 0.442716 0.148187 0.111508
3 0.767805 0.440754 0.139922 0.099778
3 0.816836 0.451663 0.143641 0.072683
3 0.397289 0.463891 0.187109 0.111596
3 0.887867 0.449756 0.134703 0.068559
3 0.531625 0.424634 0.057250 0.041951
3 0.618070 0.414678 0.059578 0.055033
3 0.352203 0.392627 0.147094 0.045344
3 0.360125 0.401075 0.042219 0.018071
8 0.278977 0.480399 0.069703 0.070377
8 0.403445 0.443492 0.047297 0.019401
8 0.753766 0.441075 0.020281 0.009645
8 0.094477 0.490676 0.078391 0.081885
3 0.338281 0.370288 0.198437 0.164080
