1 0.412440 0.271280 0.170440 0.176160
1 0.317820 0.178627 0.146520 0.148667
1 0.328250 0.480520 0.224020 0.223387
1 0.447070 0.679227 0.251300 0.236373
1 0.200080 0.673987 0.263360 0.298907
1 0.103660 0.512933 0.207320 0.216320
1 0.083820 0.387760 0.167640 0.181600
1 0.512960 0.407040 0.209840 0.170987
1 0.650670 0.256987 0.167940 0.134133
1 0.548100 0.165773 0.156240 0.115173
1 0.769150 0.371373 0.188740 0.168933
1 0.631480 0.545267 0.214800 0.207387
1 0.250000 0.331693 0.203720 0.195067
1 0.500000 0.196000 0.996000 0.392000
