3 0.308992 0.852117 0.285391 0.258422
3 0.649484 0.870586 0.216156 0.153391
3 0.534500 0.755188 0.122031 0.272281
8 0.906953 0.822758 0.186094 0.242141
1 0.931703 0.771187 0.064250 0.028219
8 0.112547 0.753109 0.225094 0.202500
8 0.892578 0.625578 0.211063 0.180313
8 0.117703 0.582938 0.138563 0.054781
14 0.543195 0.546859 0.105109 0.065312
3 0.800000 0.944945 0.143813 0.083141
3 0.074031 0.465289 0.023125 0.043891
3 0.959625 0.663891 0.080750 0.096031
3 0.143602 0.553492 0.094766 0.159203
3 0.202586 0.509086 0.049859 0.081672
3 0.145930 0.419984 0.032266 0.014719
3 0.055969 0.490258 0.030594 0.082516
3 0.093602 0.441531 0.023891 0.045062
8 0.127188 0.496039 0.127625 0.143766
8 0.522133 0.596414 0.230953 0.081141
