3 0.310312 0.099125 0.058333 0.038219
3 0.703271 0.184266 0.073792 0.037469
3 0.535708 0.176172 0.065458 0.038562
3 0.827323 0.189664 0.056271 0.039516
3 0.768615 0.189438 0.061271 0.037375
3 0.810021 0.156789 0.064833 0.031766
3 0.899031 0.099117 0.057021 0.035453
3 0.085396 0.175281 0.062917 0.026969
3 0.487146 0.201359 0.049917 0.031625
3 0.151302 0.177531 0.050937 0.026969
3 0.292885 0.065602 0.057771 0.035578
3 0.954448 0.100453 0.059187 0.040531
3 0.455865 0.170086 0.059979 0.037047
3 0.500000 0.125781 0.995833 0.251563
