3 0.900187 0.421359 0.130187 0.052344
3 0.353493 0.404125 0.103762 0.044750
3 0.948855 0.103063 0.102103 0.081500
3 0.776647 0.153602 0.114930 0.069766
3 0.319463 0.347227 0.125093 0.083641
3 0.570023 0.354320 0.126308 0.091016
3 0.440946 0.345750 0.129930 0.072469
3 0.835222 0.165664 0.329556 0.212922
3 0.909182 0.038945 0.093178 0.066609
3 0.243376 0.403648 0.136285 0.049484
3 0.949579 0.377172 0.100841 0.106844
3 0.763785 0.419617 0.135187 0.051547
3 0.977991 0.154570 0.044019 0.063734
3 0.498832 0.209375 0.997664 0.418750
