3 0.699445 0.674312 0.052734 0.064167
3 0.986758 0.690750 0.025828 0.068292
3 0.792477 0.681146 0.057203 0.063458
3 0.072125 0.640854 0.051344 0.057708
3 0.059109 0.450240 0.051406 0.098771
3 0.827891 0.528698 0.045437 0.066521
3 0.410250 0.496615 0.045625 0.045271
3 0.908352 0.535260 0.050359 0.075063
3 0.758094 0.677563 0.029656 0.069750
3 0.922891 0.687125 0.058562 0.064542
3 0.034945 0.506260 0.044672 0.017021
3 0.083078 0.508677 0.040656 0.016146
3 0.131852 0.522448 0.055453 0.034396
3 0.500000 0.393750 0.996875 0.533333
