3 0.975688 0.541792 0.035500 0.036361
3 0.453125 0.155500 0.027969 0.064500
3 0.335820 0.251514 0.019078 0.023861
3 0.592055 0.143333 0.019922 0.021389
3 0.609172 0.139847 0.010719 0.016472
3 0.440930 0.201125 0.014203 0.026972
3 0.872266 0.364806 0.007000 0.056444
3 0.577773 0.337833 0.015859 0.026667
3 0.867609 0.496708 0.018625 0.038250
3 0.180289 0.335806 0.013953 0.023000
3 0.172711 0.187542 0.021266 0.022750
3 0.409477 0.333611 0.006141 0.049278
3 0.604148 0.317486 0.010516 0.067917
3 0.678125 0.220833 0.581250 0.347222
