13 0.815578 0.317375 0.178437 0.252375
13 0.687242 0.071125 0.451891 0.142250
8 0.500000 0.730635 1.000000 0.516771
0 0.381562 0.652677 0.059781 0.063771
0 0.864484 0.789333 0.016969 0.063667
0 0.831336 0.800396 0.060203 0.019208
0 0.878852 0.750865 0.042797 0.056854
0 0.924875 0.835938 0.111312 0.174542
0 0.337820 0.667333 0.044234 0.020875
0 0.324125 0.639083 0.031813 0.046292
0 0.813563 0.717708 0.031062 0.042167
0 0.831164 0.771271 0.027984 0.052000
0 0.426898 0.629385 0.057953 0.047313
0 0.337859 0.697083 0.033094 0.045625
0 0.434523 0.705021 0.043578 0.050167
