2 0.497062 0.475313 0.087781 0.059000
2 0.484820 0.448854 0.079797 0.076958
2 0.573883 0.434646 0.101641 0.084542
2 0.583117 0.490167 0.100078 0.073000
2 0.656187 0.379792 0.097906 0.079625
2 0.700844 0.342427 0.084000 0.068646
2 0.403461 0.434208 0.092047 0.086958
2 0.648813 0.456396 0.071844 0.074208
2 0.606312 0.361896 0.084656 0.067792
2 0.490703 0.393469 0.087313 0.061021
2 0.059602 0.434219 0.063984 0.058937
2 0.718445 0.476698 0.086078 0.106562
1 0.619484 0.119406 0.097406 0.070146
2 0.127922 0.422500 0.081812 0.064125
2 0.496094 0.268750 0.979688 0.483333
