4 0.173383 0.558073 0.343547 0.419354
3 0.562563 0.318927 0.070281 0.145354
8 0.326727 0.297802 0.074547 0.057979
16 0.437047 0.387688 0.013938 0.032583
16 0.242047 0.664146 0.025969 0.032875
16 0.730094 0.401677 0.019375 0.020229
16 0.510523 0.318594 0.020797 0.027729
3 0.265422 0.318833 0.057594 0.097458
5 0.490289 0.118458 0.079703 0.078500
5 0.564344 0.393281 0.055813 0.126312
5 0.282266 0.331552 0.047844 0.066312
16 0.810734 0.312385 0.015875 0.024104
16 0.367211 0.603104 0.025328 0.033750
