2 0.150562 0.588094 0.039688 0.054854
2 0.108813 0.588000 0.040875 0.052375
2 0.015734 0.518823 0.028125 0.047229
2 0.048195 0.592802 0.047641 0.050813
2 0.020266 0.467833 0.032906 0.030708
2 0.062680 0.560573 0.039766 0.018146
2 0.013375 0.586771 0.025406 0.054083
2 0.046297 0.410469 0.057937 0.061062
2 0.127672 0.371281 0.036687 0.035146
2 0.687070 0.430823 0.093422 0.114229
2 0.055328 0.506542 0.046437 0.072667
2 0.053562 0.370375 0.040000 0.027208
2 0.105047 0.509615 0.045812 0.054229
2 0.160156 0.550000 0.060937 0.137500
