8 0.507867 0.845090 0.979787 0.265180
3 0.941747 0.546170 0.116507 0.131140
3 0.385373 0.529910 0.098000 0.073980
3 0.262720 0.520550 0.049707 0.089460
3 0.060427 0.674720 0.119253 0.255200
3 0.266600 0.652330 0.160133 0.241660
3 0.379400 0.541210 0.094960 0.072420
3 0.347787 0.534700 0.057813 0.107480
3 0.107187 0.565580 0.089413 0.149960
3 0.791347 0.524180 0.097040 0.054280
3 0.927027 0.652220 0.145947 0.160120
3 0.034720 0.537540 0.069440 0.048120
3 0.825773 0.638680 0.103173 0.173800
3 0.152813 0.496710 0.016400 0.032900
3 0.533333 0.512000 0.736000 0.108000
