0 0.423859 0.422354 0.075344 0.515293
0 0.394820 0.382354 0.042391 0.407049
0 0.365641 0.389520 0.037406 0.381241
0 0.295187 0.598302 0.042781 0.339883
0 0.104313 0.471487 0.075531 0.427705
0 0.233680 0.429918 0.039922 0.111733
0 0.047430 0.522272 0.093297 0.345246
0 0.341938 0.565117 0.056375 0.355105
0 0.335273 0.618454 0.040984 0.208946
0 0.188383 0.467061 0.037672 0.388220
0 0.133906 0.642248 0.064219 0.361499
0 0.482109 0.358185 0.055531 0.177354
0 0.594781 0.918864 0.124125 0.131780
0 0.250945 0.510902 0.057328 0.172670
0 0.328906 0.509368 0.270313 0.555035
