3 0.742508 0.678692 0.109359 0.237092
3 0.625094 0.542165 0.079375 0.072782
3 0.493977 0.487312 0.077391 0.060063
3 0.382469 0.466768 0.069406 0.039351
3 0.723375 0.406736 0.057063 0.031464
3 0.245883 0.448316 0.072172 0.042699
3 0.043641 0.573598 0.087281 0.053933
3 0.182688 0.745753 0.087875 0.313305
3 0.516500 0.388410 0.037437 0.032762
3 0.441148 0.339592 0.047703 0.019603
3 0.396680 0.384571 0.051828 0.027762
14 0.514602 0.639571 0.103141 0.061318
14 0.484695 0.530366 0.131578 0.113577
14 0.456672 0.505324 0.913344 0.386339
3 0.612117 0.400000 0.027359 0.030962
3 0.349078 0.338452 0.029844 0.021339
14 0.627406 0.350460 0.064687 0.013766
14 0.021398 0.779812 0.042797 0.054686
14 0.520031 0.350209 0.054937 0.008452
3 0.489063 0.364017 0.893750 0.079498
