3 0.782898 0.557424 0.186328 0.369368
3 0.874031 0.359848 0.121656 0.268361
8 0.421305 0.591171 0.614703 0.494379
1 0.468531 0.532740 0.160438 0.112365
1 0.561664 0.365480 0.053578 0.035316
1 0.525500 0.434836 0.124438 0.065176
1 0.615039 0.371967 0.048359 0.034988
1 0.424492 0.417295 0.023859 0.018946
1 0.689555 0.305995 0.035453 0.030023
3 0.156719 0.644508 0.208969 0.465316
3 0.387789 0.328372 0.094047 0.175902
1 0.321469 0.501112 0.026875 0.025363
3 0.451203 0.353208 0.048344 0.068384
3 0.629063 0.719473 0.197563 0.493513
