3 0.168906 0.149262 0.050313 0.082777
3 0.250227 0.143254 0.053922 0.071627
3 0.411859 0.156150 0.052031 0.088265
3 0.601063 0.210824 0.084719 0.192408
3 0.719648 0.134360 0.033641 0.088330
3 0.358383 0.154772 0.056859 0.085987
3 0.111375 0.192831 0.063844 0.182234
3 0.183852 0.204512 0.082234 0.192755
3 0.521406 0.216334 0.059656 0.197961
3 0.463570 0.174534 0.058484 0.122256
8 0.163891 0.210434 0.104313 0.151367
8 0.431672 0.171312 0.135844 0.050868
8 0.579164 0.211974 0.135641 0.160130
3 0.669898 0.205054 0.054516 0.184512
3 0.583852 0.161453 0.027734 0.066855
8 0.718695 0.206844 0.052984 0.148829
8 0.047523 0.143102 0.011703 0.023948
3 0.022937 0.188460 0.045875 0.163688
3 0.509375 0.185466 0.921875 0.197397
