3 0.618141 0.333096 0.046250 0.070377
3 0.384094 0.473536 0.045312 0.147782
3 0.375906 0.360669 0.031281 0.117824
3 0.597953 0.276506 0.050250 0.098326
3 0.570359 0.247259 0.034687 0.042636
3 0.341656 0.486444 0.032875 0.095314
8 0.330641 0.728870 0.661281 0.542259
3 0.633648 0.243536 0.033609 0.031297
3 0.686766 0.345084 0.055219 0.068577
8 0.649258 0.405356 0.097359 0.099372
8 0.728484 0.304414 0.092063 0.069038
8 0.605555 0.282029 0.068922 0.054854
3 0.729313 0.277531 0.111781 0.091088
3 0.394312 0.350031 0.031281 0.084498
3 0.682336 0.432803 0.035359 0.077992
