3 0.015150 0.464352 0.021540 0.079307
3 0.271510 0.127681 0.013340 0.025120
3 0.292700 0.083148 0.015440 0.022500
3 0.324150 0.083660 0.015140 0.023102
3 0.354710 0.083825 0.014420 0.024277
3 0.385540 0.084292 0.014560 0.023886
3 0.448830 0.083946 0.014540 0.022771
3 0.464760 0.082967 0.015640 0.024789
3 0.411240 0.020241 0.016520 0.020482
3 0.350330 0.106160 0.014540 0.021295
3 0.400490 0.144292 0.011740 0.012319
3 0.260750 0.082620 0.014660 0.021506
3 0.606310 0.345030 0.041780 0.078855
3 0.466000 0.084337 0.884000 0.168675
