2 0.851258 0.238490 0.054359 0.101854
2 0.868461 0.478813 0.063422 0.112583
2 0.914555 0.293260 0.095047 0.110979
2 0.941437 0.384010 0.064594 0.076188
2 0.817883 0.392406 0.054703 0.112937
2 0.952961 0.460229 0.093672 0.098500
2 0.860703 0.591500 0.057063 0.111917
2 0.916328 0.610771 0.049844 0.091583
2 0.903898 0.537667 0.093516 0.124667
2 0.863922 0.369562 0.056063 0.078417
2 0.817328 0.638188 0.041844 0.092417
2 0.854625 0.663708 0.033469 0.093875
2 0.844898 0.463240 0.070953 0.104438
2 0.754687 0.408333 0.428125 0.575000
