3 0.742969 0.709520 0.101875 0.216745
3 0.273211 0.628817 0.101641 0.143911
3 0.287883 0.585492 0.071141 0.072342
3 0.563117 0.561956 0.044953 0.098197
3 0.605500 0.702494 0.042844 0.087237
3 0.691117 0.601007 0.024453 0.056581
3 0.426555 0.633513 0.066266 0.145105
3 0.808594 0.651101 0.046844 0.167869
3 0.307688 0.608267 0.049188 0.127541
5 0.983656 0.342354 0.032688 0.088361
5 0.964469 0.481522 0.066719 0.158782
3 0.906328 0.755492 0.100281 0.146581
3 0.511359 0.640386 0.026219 0.078571
3 0.627344 0.743560 0.742188 0.447307
