13 0.774580 0.711243 0.450320 0.550569
3 0.680960 0.207964 0.132440 0.237066
3 0.233400 0.225629 0.073560 0.223653
3 0.557140 0.246557 0.090120 0.282635
3 0.416300 0.628982 0.182360 0.487126
3 0.939850 0.401811 0.120300 0.336198
3 0.803750 0.196287 0.128220 0.201916
3 0.979010 0.291243 0.041980 0.189491
8 0.647390 0.128832 0.278540 0.225030
16 0.526880 0.688144 0.082320 0.049880
16 0.133600 0.847335 0.126080 0.089880
3 0.422890 0.314985 0.845780 0.418533
3 0.090870 0.495344 0.180500 0.183144
16 0.312770 0.819356 0.098260 0.066138
13 0.680900 0.038174 0.067760 0.073832
