2 0.104861 0.646111 0.034820 0.022647
2 0.118652 0.683480 0.036193 0.028529
2 0.139126 0.646332 0.035343 0.022565
2 0.150237 0.680376 0.031912 0.021078
2 0.186038 0.623023 0.032402 0.021601
2 0.061544 0.722100 0.042042 0.029755
2 0.067402 0.697966 0.033562 0.026454
2 0.141773 0.722083 0.040147 0.027206
2 0.107320 0.862525 0.063399 0.044755
2 0.148619 0.898015 0.062990 0.056585
2 0.101806 0.722198 0.044101 0.027141
2 0.162876 0.850703 0.062908 0.045163
2 0.136095 0.825735 0.059542 0.035425
2 0.100490 0.772059 0.197712 0.318627
