13 0.694336 0.275771 0.203266 0.210917
3 0.208367 0.688208 0.142641 0.246875
3 0.052781 0.535073 0.071781 0.038479
3 0.251266 0.491708 0.041938 0.024417
3 0.428094 0.447208 0.044156 0.024750
3 0.402180 0.468698 0.047547 0.015854
3 0.866578 0.504469 0.078187 0.101396
14 0.562406 0.726031 0.180969 0.190271
14 0.793820 0.825990 0.239328 0.276396
14 0.798328 0.588812 0.134156 0.093417
14 0.406078 0.504146 0.077438 0.075500
14 0.268187 0.533115 0.088625 0.077937
14 0.075836 0.546188 0.081797 0.078083
14 0.173578 0.512094 0.072813 0.058312
14 0.676312 0.635854 0.102188 0.112125
14 0.294359 0.488583 0.053750 0.050417
14 0.983703 0.722177 0.032594 0.143604
3 0.426617 0.894813 0.233766 0.184417
3 0.344508 0.480396 0.051422 0.024667
3 0.515258 0.466240 0.044797 0.028563
3 0.318406 0.642406 0.111281 0.215396
3 0.446172 0.609042 0.099344 0.193958
3 0.634578 0.529500 0.055937 0.132833
13 0.559945 0.384937 0.033359 0.031167
3 0.795664 0.559573 0.069359 0.071604
3 0.358594 0.618750 0.714063 0.395833
