3 0.458250 0.567172 0.202375 0.237906
8 0.600375 0.703523 0.799250 0.566297
2 0.670500 0.715609 0.094083 0.047938
2 0.465906 0.746695 0.081396 0.060734
2 0.482750 0.688867 0.085375 0.049797
2 0.521458 0.648898 0.077708 0.043922
2 0.572042 0.572688 0.078500 0.036187
2 0.804385 0.603305 0.070521 0.037609
2 0.687281 0.668813 0.079146 0.043281
2 0.649771 0.761977 0.087167 0.060328
2 0.667260 0.752195 0.315979 0.234266
2 0.792031 0.643516 0.077521 0.043531
2 0.798948 0.568664 0.067687 0.035922
2 0.728198 0.557586 0.073146 0.036828
2 0.726698 0.592836 0.080896 0.039109
2 0.615625 0.582812 0.252083 0.140625
