3 0.225367 0.088491 0.032359 0.028477
3 0.042148 0.191767 0.042047 0.091178
3 0.076602 0.174583 0.034578 0.050431
3 0.215742 0.064655 0.021359 0.040575
3 0.263344 0.024526 0.020375 0.033305
3 0.298641 0.082658 0.030406 0.031063
3 0.954531 0.077026 0.025438 0.040201
3 0.929914 0.070517 0.019141 0.054310
3 0.041195 0.131868 0.030609 0.036552
3 0.223352 0.023635 0.029828 0.032270
3 0.218750 0.122730 0.033187 0.030977
3 0.326258 0.130445 0.021516 0.058247
3 0.261133 0.095805 0.031984 0.053218
3 0.276562 0.107759 0.553125 0.215517
