4 0.222633 0.167166 0.158922 0.334333
4 0.550805 0.164016 0.131953 0.328033
14 0.114695 0.509719 0.072953 0.101874
14 0.367688 0.108735 0.058031 0.073724
3 0.647992 0.838220 0.155672 0.318595
3 0.469742 0.832342 0.169641 0.299672
3 0.278125 0.869836 0.164813 0.260328
3 0.068211 0.847927 0.134141 0.301194
3 0.034453 0.466276 0.068906 0.251522
3 0.670758 0.286464 0.128766 0.138173
3 0.840422 0.605867 0.128312 0.339133
3 0.315719 0.300000 0.113062 0.117143
3 0.497133 0.289848 0.069734 0.132436
3 0.813719 0.400199 0.090906 0.131827
3 0.119469 0.092623 0.076938 0.185246
8 0.418508 0.589614 0.746891 0.477916
5 0.688453 0.064766 0.115406 0.129532
