3 0.329305 0.479707 0.082859 0.156370
3 0.295180 0.398618 0.023359 0.029977
3 0.583766 0.519742 0.079187 0.137752
3 0.529492 0.407529 0.021391 0.049766
3 0.319469 0.379649 0.034969 0.045199
8 0.479773 0.757459 0.578734 0.462927
3 0.540664 0.490141 0.029484 0.181639
8 0.371727 0.415398 0.107641 0.036136
8 0.880492 0.516944 0.061016 0.076979
3 0.782727 0.639333 0.067766 0.223958
3 0.410883 0.439496 0.039172 0.061991
3 0.566055 0.410925 0.039141 0.074403
3 0.282734 0.391393 0.010844 0.084941
3 0.250211 0.402201 0.016266 0.079157
8 0.872945 0.414649 0.030172 0.036183
8 0.650219 0.401382 0.047563 0.070913
8 0.129789 0.490867 0.041141 0.018173
