3 0.662453 0.537240 0.110031 0.243729
3 0.840578 0.506979 0.113500 0.198125
3 0.964578 0.522083 0.070844 0.201250
3 0.123977 0.575292 0.247953 0.293667
3 0.134711 0.451740 0.087578 0.082979
3 0.656406 0.459635 0.076938 0.163854
3 0.581953 0.445271 0.048594 0.110125
8 0.503359 0.852281 0.993281 0.269063
1 0.698594 0.865167 0.257875 0.193250
8 0.877078 0.501563 0.185312 0.209208
3 0.734938 0.489677 0.059969 0.193104
3 0.023602 0.472781 0.047203 0.071604
3 0.977539 0.678396 0.044922 0.369792
3 0.073367 0.411250 0.040703 0.042958
8 0.617820 0.438865 0.067047 0.027104
