3 0.564094 0.161288 0.229188 0.304232
3 0.570742 0.191939 0.215141 0.260898
3 0.871312 0.231466 0.257375 0.242695
3 0.536844 0.903842 0.079000 0.171844
3 0.535898 0.857033 0.080047 0.230000
3 0.983187 0.607801 0.033625 0.054657
3 0.530922 0.729480 0.089063 0.224255
3 0.983984 0.515520 0.032031 0.033121
3 0.527602 0.655615 0.093578 0.247730
3 0.524492 0.490757 0.095047 0.136407
3 0.529078 0.431643 0.098375 0.108629
3 0.535094 0.763050 0.080594 0.114563
3 0.528570 0.398156 0.103766 0.108180
3 0.725781 0.419622 0.542188 0.640662
