3 0.224080 0.794347 0.217000 0.298133
3 0.217060 0.843480 0.160480 0.270267
3 0.758610 0.258187 0.205940 0.249280
3 0.608130 0.275187 0.107220 0.188667
3 0.951650 0.140880 0.096700 0.204320
3 0.241010 0.871040 0.260020 0.257920
3 0.663220 0.263733 0.079520 0.166880
3 0.478810 0.374747 0.109140 0.179147
3 0.137000 0.626920 0.183280 0.159280
8 0.842830 0.082827 0.141940 0.097067
8 0.493310 0.269707 0.040500 0.026080
8 0.085960 0.898880 0.165160 0.202240
8 0.810810 0.908787 0.378380 0.162160
8 0.183700 0.479880 0.062880 0.088293
