3 0.164320 0.354010 0.009828 0.007646
3 0.293727 0.289521 0.005984 0.007083
3 0.896180 0.389927 0.007734 0.005812
3 0.064273 0.331031 0.008859 0.005146
3 0.235008 0.260552 0.005516 0.004938
3 0.212836 0.222698 0.008797 0.007854
3 0.337367 0.253937 0.007641 0.009250
3 0.461984 0.246990 0.005844 0.005312
3 0.058062 0.394458 0.008844 0.005208
3 0.185586 0.362635 0.008234 0.009312
3 0.119680 0.305063 0.010766 0.010917
3 0.099656 0.303021 0.009562 0.009375
3 0.108898 0.304854 0.010672 0.012792
3 0.499219 0.323958 0.998437 0.627083
