8 0.180266 0.844646 0.079687 0.109917
8 0.650375 0.692073 0.060156 0.074354
3 0.499195 0.889750 0.084516 0.140958
3 0.230258 0.835729 0.064609 0.125875
3 0.493641 0.739281 0.039219 0.062854
3 0.616094 0.757927 0.040500 0.085354
3 0.133180 0.751760 0.048234 0.059687
3 0.624578 0.888010 0.082563 0.117938
3 0.027844 0.793385 0.036812 0.104979
3 0.314531 0.798562 0.057219 0.117208
3 0.627609 0.600604 0.040313 0.043500
3 0.534828 0.739313 0.047844 0.072958
3 0.146812 0.860427 0.044188 0.071604
8 0.194500 0.727760 0.064656 0.026396
8 0.589906 0.591458 0.048812 0.027708
3 0.531609 0.900719 0.025938 0.112021
8 0.379492 0.758448 0.080797 0.066854
3 0.534375 0.577083 0.625000 0.575000
