2 0.669211 0.451988 0.041359 0.038706
2 0.691594 0.482153 0.046375 0.041718
2 0.726797 0.511071 0.049406 0.040118
2 0.726883 0.475447 0.038234 0.040353
2 0.643234 0.426518 0.040656 0.038682
2 0.792297 0.503518 0.039625 0.037012
2 0.798547 0.580400 0.049500 0.033082
2 0.834125 0.571741 0.039031 0.026824
2 0.867289 0.564671 0.041141 0.030329
2 0.889547 0.597800 0.051375 0.047506
2 0.893102 0.640624 0.055922 0.048588
2 0.764805 0.477282 0.037391 0.031176
2 0.737039 0.444224 0.034672 0.037294
2 0.746094 0.524706 0.504687 0.334118
