3 0.947469 0.786958 0.105062 0.307875
3 0.673336 0.402490 0.081797 0.064271
3 0.286297 0.498052 0.086188 0.058562
3 0.457930 0.512281 0.067672 0.059687
3 0.508125 0.511167 0.061344 0.065250
3 0.395227 0.425844 0.069109 0.114604
3 0.300266 0.419021 0.081687 0.104417
3 0.345961 0.418240 0.081734 0.101854
3 0.493617 0.226333 0.072047 0.087792
3 0.934000 0.453875 0.106656 0.146708
3 0.871891 0.444406 0.101688 0.129312
3 0.445977 0.319469 0.079359 0.092521
3 0.748328 0.404979 0.073906 0.058292
3 0.482812 0.318750 0.965625 0.529167
