3 0.405297 0.251500 0.009531 0.007792
3 0.418250 0.252115 0.011594 0.007063
3 0.432414 0.250906 0.011484 0.008313
3 0.443898 0.251917 0.009672 0.007042
3 0.445953 0.258604 0.011062 0.006208
3 0.468602 0.259115 0.008766 0.006854
3 0.493563 0.259594 0.012656 0.008646
3 0.461242 0.266167 0.010891 0.005500
3 0.486164 0.266073 0.012547 0.005146
3 0.504242 0.259708 0.011766 0.007625
3 0.535828 0.267042 0.011938 0.005208
3 0.409227 0.261292 0.012141 0.011208
3 0.438312 0.265885 0.010219 0.005479
3 0.663281 0.248958 0.514062 0.052083
