3 0.541242 0.795854 0.062891 0.170833
3 0.825211 0.551406 0.023922 0.050854
3 0.930148 0.539188 0.024734 0.055958
3 0.622820 0.542792 0.016922 0.016167
3 0.986750 0.536229 0.025250 0.056042
3 0.757297 0.549875 0.021125 0.046000
3 0.825695 0.519865 0.019391 0.010187
3 0.895227 0.547229 0.047141 0.058833
3 0.957609 0.552021 0.028531 0.035042
3 0.943422 0.546969 0.019375 0.033188
3 0.592203 0.548073 0.013594 0.025562
5 0.263516 0.810250 0.320937 0.379500
8 0.500000 0.914802 1.000000 0.170396
8 0.796766 0.533312 0.036312 0.011042
8 0.857742 0.532885 0.030328 0.003104
8 0.946133 0.529656 0.038766 0.015063
3 0.315695 0.644719 0.057672 0.023729
3 0.335680 0.722115 0.078078 0.156146
