3 0.883453 0.414403 0.054375 0.084702
3 0.834164 0.406134 0.056203 0.072267
3 0.781953 0.414511 0.054500 0.090979
3 0.731062 0.404344 0.054719 0.064105
3 0.687477 0.404057 0.037422 0.068735
3 0.339648 0.373819 0.039078 0.054606
3 0.127695 0.408890 0.038859 0.073771
3 0.388687 0.371050 0.045031 0.062673
3 0.397531 0.404010 0.033281 0.065823
3 0.026750 0.406826 0.053469 0.074797
3 0.131523 0.308759 0.049828 0.050740
3 0.460727 0.405000 0.053266 0.071480
3 0.353453 0.402649 0.055000 0.066396
3 0.457813 0.330549 0.900000 0.231504
