3 0.225219 0.772187 0.039563 0.136000
14 0.556211 0.676823 0.115172 0.143604
14 0.488547 0.755010 0.118000 0.147771
14 0.480992 0.573344 0.064484 0.112688
14 0.588211 0.670500 0.071172 0.048917
3 0.047250 0.593344 0.055219 0.029104
3 0.216750 0.649833 0.051562 0.129208
3 0.799680 0.728698 0.026297 0.093271
8 0.249187 0.605052 0.091812 0.123312
14 0.652273 0.538802 0.028609 0.040104
3 0.708492 0.917771 0.231078 0.164458
3 0.805688 0.789958 0.028469 0.100083
3 0.134125 0.926615 0.153469 0.145854
3 0.819266 0.687635 0.030375 0.109146
3 0.291055 0.965062 0.164891 0.067292
8 0.514984 0.800344 0.237531 0.222396
8 0.035875 0.537531 0.070375 0.019312
8 0.066234 0.629094 0.124687 0.085729
14 0.616352 0.574208 0.020328 0.042083
14 0.562180 0.578917 0.034047 0.022708
14 0.490930 0.642604 0.077516 0.095958
3 0.067547 0.676115 0.041813 0.051146
3 0.021000 0.575323 0.041406 0.072354
3 0.088906 0.899937 0.051406 0.093000
