2 0.932773 0.682219 0.131984 0.130979
2 0.926258 0.591500 0.141641 0.104500
2 0.807687 0.613448 0.136656 0.110104
2 0.816023 0.718562 0.144766 0.138583
2 0.690422 0.642604 0.139250 0.121583
2 0.686820 0.752646 0.155234 0.146167
2 0.552852 0.679188 0.154797 0.137917
2 0.559680 0.575115 0.147641 0.121354
2 0.687219 0.550958 0.138125 0.112958
2 0.803898 0.522552 0.124172 0.110771
2 0.612344 0.462667 0.136969 0.123250
2 0.385758 0.442802 0.125484 0.110979
2 0.622172 0.327656 0.111250 0.081062
2 0.460938 0.296875 0.665625 0.502083
