3 0.149355 0.848391 0.080290 0.187106
3 0.205250 0.837052 0.063694 0.211901
3 0.080629 0.851415 0.062419 0.151857
8 0.750702 0.584114 0.498597 0.804255
8 0.217032 0.782981 0.125548 0.170540
3 0.566798 0.120443 0.124823 0.166501
3 0.301823 0.901663 0.038032 0.119741
3 0.101661 0.681825 0.036710 0.086803
3 0.074218 0.696782 0.031597 0.098359
3 0.042460 0.688898 0.032597 0.075248
3 0.013137 0.695054 0.026210 0.067171
3 0.308492 0.781976 0.088306 0.176609
3 0.380726 0.723607 0.037935 0.097538
8 0.103653 0.774827 0.205048 0.092203
8 0.245710 0.953099 0.491419 0.093801
