8 0.434641 0.733176 0.069312 0.071482
8 0.204828 0.720047 0.031875 0.033553
8 0.584570 0.761118 0.116484 0.103129
3 0.629000 0.932588 0.114906 0.107859
3 0.457648 0.897400 0.075422 0.203929
3 0.369328 0.874035 0.070281 0.232306
3 0.288648 0.816776 0.093672 0.194071
3 0.163828 0.854671 0.088781 0.203271
3 0.535266 0.917729 0.128469 0.164541
3 0.854656 0.921282 0.139719 0.124682
3 0.786844 0.648224 0.046187 0.112918
3 0.751008 0.742035 0.057203 0.042141
3 0.961883 0.951753 0.075078 0.096494
3 0.331031 0.753741 0.027250 0.139482
8 0.875477 0.839788 0.249047 0.169553
8 0.328227 0.618341 0.066859 0.014376
8 0.754852 0.642412 0.154984 0.120635
