3 0.624321 0.205008 0.050094 0.021359
3 0.632600 0.187109 0.050258 0.020188
3 0.780492 0.149836 0.062295 0.023703
3 0.798817 0.132297 0.054450 0.026500
3 0.859731 0.117445 0.053981 0.018328
3 0.763244 0.165187 0.055714 0.019563
3 0.822014 0.160930 0.059906 0.028984
3 0.445410 0.421344 0.064215 0.026406
3 0.366429 0.160719 0.061522 0.050687
3 0.425351 0.398664 0.061616 0.024359
3 0.539848 0.138922 0.053653 0.031313
3 0.480527 0.404867 0.059742 0.025578
3 0.743349 0.135664 0.055129 0.028109
3 0.487119 0.224219 0.974239 0.448437
