2 0.390219 0.592435 0.054281 0.048965
2 0.455539 0.607424 0.081484 0.050094
2 0.420930 0.635094 0.076391 0.044871
2 0.750453 0.620612 0.082344 0.042494
2 0.569438 0.587706 0.071406 0.041200
2 0.544055 0.612600 0.071141 0.047129
2 0.518258 0.638047 0.076891 0.032565
2 0.663305 0.601188 0.066016 0.042847
2 0.484805 0.578388 0.077953 0.048824
2 0.814563 0.705812 0.073844 0.057788
2 0.731758 0.647012 0.084828 0.055388
2 0.819445 0.668141 0.073047 0.046071
2 0.424312 0.564929 0.051750 0.049341
2 0.593750 0.660000 0.534375 0.124706
