0 0.704080 0.575040 0.091080 0.055120
0 0.714120 0.188240 0.110600 0.103520
0 0.872450 0.230110 0.050620 0.153500
0 0.704710 0.061960 0.181180 0.054120
0 0.294150 0.759520 0.039380 0.045120
0 0.265440 0.256340 0.114440 0.092120
0 0.757440 0.178890 0.037760 0.084660
0 0.757010 0.516920 0.034100 0.079040
0 0.182330 0.228890 0.072660 0.065220
0 0.268770 0.827810 0.051940 0.049820
8 0.818280 0.478780 0.312320 0.301520
0 0.257790 0.173840 0.046660 0.081680
0 0.709230 0.482100 0.093980 0.149920
0 0.368000 0.716000 0.588000 0.456000
