3 0.464641 0.194656 0.058531 0.033854
3 0.366602 0.189458 0.035828 0.028167
3 0.468883 0.159000 0.053453 0.039833
3 0.754344 0.125458 0.052094 0.026417
3 0.582969 0.119875 0.044875 0.025125
3 0.602656 0.086510 0.060500 0.032271
3 0.621047 0.057094 0.058375 0.028604
3 0.552148 0.053771 0.044203 0.020500
3 0.194641 0.052531 0.060625 0.032146
3 0.220617 0.055708 0.041234 0.030375
3 0.294156 0.055740 0.043750 0.033521
3 0.323906 0.054250 0.028500 0.037667
3 0.402664 0.195073 0.039484 0.034521
3 0.435492 0.195917 0.065109 0.033583
3 0.535937 0.089583 0.925000 0.179167
