14 0.825281 0.754375 0.349437 0.467417
14 0.746313 0.530448 0.239969 0.321021
14 0.562109 0.302687 0.120344 0.182958
14 0.281461 0.742698 0.559547 0.514604
14 0.309273 0.491490 0.385953 0.283146
14 0.348211 0.354917 0.225859 0.145333
14 0.350719 0.484885 0.287594 0.244896
14 0.390266 0.307698 0.182969 0.107896
14 0.378625 0.246635 0.152094 0.052396
14 0.625719 0.400677 0.165781 0.263896
14 0.587945 0.325271 0.133609 0.180625
14 0.395578 0.208573 0.111750 0.041104
14 0.687086 0.452156 0.184828 0.297521
14 0.576562 0.590625 0.843750 0.814583
