8 0.869000 0.967622 0.262000 0.064756
3 0.713555 0.758515 0.050266 0.106589
3 0.763383 0.783422 0.050797 0.071392
3 0.358414 0.834629 0.056984 0.097193
3 0.823156 0.757726 0.064000 0.049791
3 0.840414 0.796288 0.043234 0.067100
3 0.416086 0.770209 0.054609 0.078747
3 0.675234 0.769084 0.029875 0.075568
3 0.489500 0.767645 0.045312 0.045545
3 0.489563 0.799872 0.065187 0.085035
3 0.639430 0.767193 0.048047 0.073318
3 0.743828 0.741404 0.030406 0.050000
3 0.437234 0.746636 0.032531 0.060371
3 0.532031 0.774942 0.723437 0.153132
