8 0.615289 0.705515 0.340422 0.207377
8 0.790188 0.340351 0.089375 0.043466
0 0.699219 0.635773 0.005375 0.014450
3 0.080617 0.876393 0.158578 0.246511
3 0.345586 0.882014 0.214391 0.213489
3 0.813813 0.426370 0.076938 0.169930
3 0.531273 0.565843 0.115422 0.090703
3 0.595969 0.878653 0.259375 0.220211
3 0.743719 0.694180 0.148281 0.302600
3 0.425516 0.568314 0.033594 0.074848
3 0.054867 0.641370 0.109734 0.226628
3 0.459273 0.433946 0.073734 0.039555
3 0.114281 0.497588 0.094625 0.103044
8 0.055070 0.445539 0.031578 0.029016
3 0.570961 0.578068 0.118828 0.066768
3 0.682742 0.573384 0.090203 0.087049
8 0.521008 0.474461 0.220484 0.051405
8 0.371375 0.352330 0.022312 0.016230
8 0.021688 0.518677 0.043375 0.055855
0 0.675320 0.629836 0.012453 0.011007
0 0.684328 0.637553 0.007719 0.011077
