3 0.916250 0.522305 0.092583 0.128141
3 0.946292 0.638047 0.107417 0.195094
3 0.062552 0.626039 0.125104 0.279609
3 0.973354 0.520789 0.053292 0.132297
3 0.080802 0.445008 0.093854 0.085484
3 0.184031 0.405453 0.048813 0.027031
2 0.544625 0.483828 0.387458 0.170531
3 0.093333 0.427250 0.077250 0.057125
3 0.116604 0.401086 0.017333 0.030641
8 0.900375 0.537609 0.086958 0.103094
3 0.933802 0.457797 0.047646 0.020000
3 0.881802 0.461984 0.033646 0.050875
3 0.160323 0.391219 0.017521 0.007062
3 0.966052 0.438828 0.032604 0.036594
8 0.118583 0.415641 0.119708 0.066687
8 0.921583 0.433930 0.106833 0.009578
8 0.851438 0.426375 0.081375 0.007969
