3 0.905820 0.454354 0.188120 0.684551
3 0.758250 0.282779 0.409860 0.547090
3 0.116040 0.790635 0.223880 0.386521
2 0.671660 0.734234 0.124720 0.084486
2 0.779870 0.688895 0.115820 0.109694
2 0.714740 0.589376 0.111480 0.105842
2 0.603380 0.606324 0.114440 0.112473
2 0.684170 0.665766 0.124820 0.091619
2 0.560190 0.698457 0.114940 0.112319
2 0.533630 0.602516 0.058100 0.091947
2 0.776740 0.599354 0.069680 0.091400
2 0.584150 0.294519 0.232460 0.201510
2 0.308340 0.590438 0.053000 0.048184
2 0.319230 0.639770 0.053380 0.049825
8 0.508040 0.540252 0.982840 0.893501
2 0.649240 0.574759 0.087960 0.100284
