0 0.664891 0.777927 0.068250 0.078104
0 0.479016 0.694458 0.064125 0.085500
0 0.629500 0.892875 0.072469 0.101125
0 0.404695 0.621406 0.041422 0.067687
0 0.403539 0.767229 0.038391 0.057750
0 0.721453 0.771437 0.059219 0.049750
0 0.403430 0.691979 0.039672 0.086583
0 0.650711 0.709135 0.045484 0.054854
0 0.456586 0.755583 0.044641 0.103292
0 0.767602 0.765542 0.024984 0.062000
0 0.773695 0.734250 0.102547 0.135250
8 0.500000 0.500562 1.000000 0.998875
0 0.495195 0.587448 0.042391 0.061062
0 0.807695 0.798823 0.051859 0.080479
0 0.564844 0.713542 0.373437 0.447917
