3 0.271141 0.463865 0.030531 0.011562
3 0.333930 0.465729 0.032297 0.014083
3 0.302344 0.380104 0.027656 0.017833
3 0.331313 0.379333 0.028844 0.019708
3 0.360719 0.379865 0.027594 0.017979
3 0.391695 0.381021 0.025109 0.019958
3 0.420680 0.380667 0.029484 0.019417
3 0.206375 0.468896 0.026844 0.020125
3 0.333766 0.450719 0.032281 0.018604
3 0.272070 0.449365 0.030328 0.016396
3 0.182938 0.324896 0.029063 0.019583
3 0.211922 0.325594 0.029844 0.022562
3 0.242805 0.326479 0.029609 0.020833
3 0.650781 0.186458 0.476562 0.160417
