3 0.693750 0.215164 0.060875 0.046206
3 0.762141 0.249707 0.054813 0.038150
3 0.707844 0.241838 0.051562 0.041101
3 0.864742 0.257518 0.037078 0.033630
3 0.505828 0.203806 0.049656 0.061850
3 0.246984 0.177869 0.050062 0.061546
3 0.201648 0.155059 0.031484 0.017986
3 0.203008 0.183759 0.036672 0.038525
3 0.859719 0.230422 0.042188 0.038080
3 0.979211 0.269637 0.041578 0.039461
3 0.751602 0.230422 0.054734 0.061733
3 0.977859 0.242541 0.044281 0.039555
3 0.922227 0.241194 0.055234 0.047400
3 0.477344 0.289227 0.954688 0.578454
