3 0.148236 0.134813 0.119980 0.092219
3 0.705081 0.357398 0.125766 0.111516
3 0.049526 0.057547 0.097036 0.081812
3 0.130605 0.307859 0.023226 0.095969
3 0.327389 0.363055 0.133367 0.081359
3 0.308558 0.233914 0.041310 0.042578
3 0.418135 0.230969 0.040060 0.096406
3 0.968881 0.219641 0.062238 0.065375
3 0.844466 0.417687 0.131069 0.096437
3 0.157813 0.056555 0.116270 0.072547
3 0.042056 0.131516 0.081210 0.070094
3 0.750433 0.317195 0.092641 0.106516
3 0.400645 0.299578 0.023427 0.088344
3 0.560484 0.188281 0.850806 0.339062
