3 0.780453 0.549568 0.286813 0.187500
3 0.800344 0.452687 0.162500 0.088178
3 0.553836 0.446986 0.066234 0.103692
8 0.524578 0.770421 0.949188 0.459159
8 0.394023 0.441694 0.228109 0.129369
3 0.541273 0.416647 0.082359 0.098621
5 0.966633 0.673084 0.066734 0.214673
5 0.430805 0.417792 0.035609 0.060537
3 0.472250 0.363166 0.049938 0.040584
3 0.445688 0.369790 0.020344 0.035561
3 0.619984 0.501320 0.038969 0.252453
8 0.707648 0.421799 0.028203 0.052757
3 0.763859 0.478937 0.167906 0.047640
3 0.447555 0.410491 0.109578 0.068178
3 0.960461 0.446449 0.079078 0.124252
3 0.700633 0.379054 0.014547 0.049463
