2 0.200508 0.404958 0.073484 0.043917
2 0.269555 0.376344 0.067984 0.066062
2 0.193758 0.395490 0.077609 0.058854
2 0.118687 0.402562 0.077750 0.074333
2 0.328672 0.369719 0.063156 0.063729
2 0.577680 0.598042 0.041609 0.104708
2 0.566172 0.510156 0.037469 0.057396
2 0.319180 0.345885 0.051297 0.043937
2 0.509016 0.604708 0.039219 0.096042
2 0.547969 0.602396 0.053531 0.105042
2 0.608133 0.598812 0.036234 0.100458
2 0.677562 0.598740 0.035406 0.101562
2 0.186258 0.361635 0.065109 0.041937
2 0.472656 0.492708 0.514062 0.352083
