3 0.650240 0.920840 0.132920 0.088920
3 0.837780 0.790690 0.091360 0.051100
3 0.917930 0.788800 0.056420 0.014560
3 0.958650 0.791890 0.080900 0.052500
3 0.870440 0.767730 0.041960 0.018340
3 0.799080 0.743090 0.034200 0.034180
3 0.738910 0.737860 0.068580 0.040480
3 0.631070 0.694570 0.039980 0.032660
3 0.935120 0.709970 0.037080 0.022180
8 0.543000 0.778190 0.131680 0.053020
8 0.504750 0.736190 0.098340 0.035620
8 0.496830 0.705290 0.080180 0.010580
8 0.490380 0.689340 0.063040 0.008240
8 0.486370 0.680130 0.057900 0.006220
3 0.703690 0.869670 0.087500 0.031220
3 0.518130 0.902040 0.109900 0.132000
3 0.719330 0.707340 0.032780 0.009040
8 0.572360 0.871850 0.186760 0.148860
8 0.898250 0.755810 0.117500 0.048860
8 0.709000 0.694060 0.064840 0.023880
8 0.659590 0.675490 0.052260 0.009220
8 0.777350 0.713590 0.080780 0.032620
8 0.479960 0.670700 0.047880 0.005280
8 0.279180 0.671030 0.046000 0.007780
3 0.039810 0.813210 0.054460 0.052140
8 0.233780 0.707250 0.064160 0.040500
3 0.511000 0.809000 0.950000 0.310000
8 0.500000 0.741000 0.996000 0.182000
