3 0.399727 0.318250 0.079297 0.145167
3 0.840445 0.317771 0.058828 0.082750
3 0.528797 0.357187 0.282250 0.139792
3 0.574344 0.268333 0.078469 0.027958
8 0.505180 0.689990 0.988234 0.603229
8 0.601742 0.311333 0.142203 0.050958
5 0.364047 0.347188 0.370781 0.424708
5 0.644500 0.257021 0.025375 0.062083
1 0.418070 0.759010 0.832766 0.450437
3 0.113352 0.245062 0.104484 0.023958
3 0.653555 0.279490 0.042797 0.063229
8 0.409086 0.267219 0.081734 0.023188
8 0.099461 0.324740 0.195641 0.129187
3 0.108805 0.315844 0.123328 0.144021
3 0.430430 0.251427 0.045359 0.019396
3 0.578023 0.276167 0.038797 0.030292
