3 0.592867 0.692424 0.164828 0.324848
3 0.771211 0.753115 0.196578 0.423653
3 0.430648 0.648700 0.139484 0.265082
3 0.287203 0.582600 0.083031 0.182998
3 0.962727 0.792119 0.074547 0.393560
3 0.104836 0.513595 0.027547 0.086300
14 0.540445 0.466909 0.083328 0.088197
3 0.173469 0.540984 0.028344 0.127494
14 0.025867 0.567436 0.042078 0.139649
14 0.329477 0.488255 0.005453 0.005176
3 0.124547 0.521159 0.020250 0.102319
3 0.215109 0.564262 0.062594 0.162248
3 0.144258 0.526651 0.024984 0.105152
3 0.043320 0.823372 0.086641 0.327260
