2 0.178945 0.598506 0.037297 0.028379
2 0.512539 0.459072 0.025703 0.016543
2 0.311602 0.573447 0.038609 0.028652
2 0.330250 0.612549 0.046219 0.035020
2 0.144773 0.692412 0.049766 0.039590
2 0.531258 0.448096 0.024766 0.018535
2 0.142578 0.639238 0.044625 0.030234
2 0.126492 0.625742 0.032297 0.030937
2 0.194164 0.616387 0.042203 0.030547
2 0.216289 0.586865 0.036797 0.027207
2 0.234070 0.599600 0.045453 0.030488
2 0.242062 0.564336 0.035187 0.022305
2 0.454930 0.459678 0.027109 0.017012
2 0.540625 0.437500 0.162500 0.121094
