3 0.743477 0.859137 0.362047 0.260229
3 0.457437 0.768358 0.274750 0.463285
3 0.390562 0.608212 0.171219 0.330353
3 0.575102 0.394304 0.051797 0.112225
4 0.901672 0.396029 0.196656 0.151351
4 0.579289 0.311798 0.073734 0.050291
3 0.617359 0.430395 0.093937 0.122245
3 0.094891 0.323794 0.014156 0.054491
3 0.151977 0.326538 0.017734 0.032287
3 0.176547 0.332225 0.029906 0.054595
3 0.534539 0.383150 0.035453 0.114615
3 0.233914 0.314054 0.026078 0.022204
4 0.722078 0.430042 0.095875 0.153846
8 0.713164 0.356299 0.105734 0.042495
8 0.631656 0.327848 0.131750 0.030499
8 0.953188 0.544116 0.093625 0.172931
3 0.651164 0.435333 0.052297 0.090042
4 0.686016 0.316642 0.090438 0.055738
