3 0.588922 0.842490 0.352344 0.293062
8 0.232063 0.683750 0.443937 0.201792
8 0.940602 0.605500 0.118797 0.128708
3 0.373578 0.520615 0.077938 0.060646
3 0.767352 0.565073 0.047078 0.061521
14 0.061602 0.473073 0.094641 0.089021
14 0.370703 0.585573 0.124656 0.133938
14 0.578945 0.456563 0.026328 0.065708
14 0.563164 0.476615 0.043734 0.082104
14 0.062938 0.425437 0.043625 0.029083
3 0.629266 0.737563 0.300969 0.235667
3 0.076609 0.588104 0.132125 0.124500
3 0.237586 0.569406 0.126703 0.135562
3 0.388078 0.494812 0.065187 0.050250
14 0.302359 0.406750 0.027031 0.036042
14 0.229359 0.425812 0.020688 0.050583
14 0.310836 0.363656 0.020734 0.022062
14 0.115711 0.437188 0.025172 0.042250
14 0.571789 0.501479 0.082234 0.090917
14 0.540719 0.399979 0.028313 0.032458
