0 0.660773 0.803424 0.267234 0.322583
0 0.663156 0.453164 0.292969 0.318886
0 0.689750 0.524716 0.327469 0.276398
0 0.729758 0.806742 0.271172 0.386517
0 0.961562 0.187844 0.076875 0.351896
0 0.929992 0.793282 0.140016 0.382536
0 0.617141 0.233709 0.078531 0.256185
0 0.737906 0.289882 0.091875 0.166303
0 0.675727 0.734194 0.244672 0.216919
0 0.862203 0.220569 0.066375 0.284123
0 0.939953 0.529431 0.103625 0.359810
0 0.965211 0.871043 0.059641 0.227393
0 0.907625 0.215995 0.044344 0.310000
0 0.755469 0.550948 0.417187 0.893365
