3 0.068570 0.919754 0.137141 0.160492
3 0.192133 0.891827 0.154516 0.206792
3 0.492352 0.626335 0.133734 0.118899
3 0.687430 0.731089 0.160422 0.114590
3 0.684352 0.648407 0.135797 0.083091
3 0.717625 0.640667 0.139844 0.200445
3 0.883570 0.843466 0.183328 0.292787
3 0.917570 0.638197 0.143922 0.076393
3 0.066797 0.740515 0.126094 0.204450
3 0.245531 0.726803 0.149219 0.131499
3 0.470937 0.701956 0.168250 0.169204
3 0.693063 0.876218 0.172250 0.240023
3 0.249539 0.650398 0.151641 0.057283
3 0.705469 0.448478 0.585938 0.686183
