13 0.534500 0.188208 0.283375 0.352810
3 0.965203 0.647026 0.031406 0.059625
3 0.666469 0.804297 0.165000 0.086019
3 0.845195 0.823993 0.159703 0.100070
13 0.746828 0.660796 0.025625 0.024684
14 0.420188 0.874157 0.117469 0.251686
14 0.908336 0.733091 0.048203 0.069415
14 0.686836 0.741159 0.072172 0.057354
14 0.185164 0.723607 0.076453 0.098876
14 0.137039 0.635269 0.034266 0.061546
14 0.512602 0.686030 0.023609 0.040445
14 0.517234 0.669848 0.036594 0.039368
14 0.227281 0.630691 0.035219 0.054496
14 0.205516 0.606932 0.027500 0.067166
3 0.830133 0.863993 0.102234 0.034778
3 0.513984 0.843852 0.073125 0.040211
3 0.646945 0.853923 0.163422 0.044941
3 0.771609 0.756967 0.059000 0.016136
3 0.588852 0.751944 0.066516 0.034988
3 0.925602 0.867600 0.067609 0.033091
14 0.513906 0.748150 0.051531 0.086979
14 0.553383 0.662881 0.017078 0.030726
14 0.289000 0.616393 0.038094 0.058735
14 0.224602 0.574438 0.023234 0.045597
14 0.482812 0.604215 0.931250 0.262295
