3 0.292271 0.313094 0.149792 0.103906
3 0.516708 0.276094 0.113583 0.059781
8 0.503135 0.583531 0.993729 0.560000
2 0.329771 0.695906 0.128375 0.072375
2 0.210062 0.701609 0.111542 0.065906
2 0.115490 0.709516 0.091063 0.061719
2 0.359073 0.611266 0.090563 0.059281
2 0.238667 0.523852 0.066625 0.032828
2 0.304302 0.524781 0.065271 0.034969
2 0.135437 0.640773 0.084500 0.066172
2 0.299927 0.642641 0.102271 0.053094
2 0.069375 0.648602 0.072583 0.050609
2 0.033542 0.703023 0.067083 0.082109
3 0.068750 0.468594 0.137500 0.111969
2 0.214906 0.643828 0.103563 0.056844
2 0.120781 0.599336 0.053687 0.036266
