3 0.633031 0.701281 0.459281 0.597437
3 0.361484 0.679063 0.371625 0.621625
3 0.206797 0.609031 0.335500 0.518896
3 0.455648 0.365031 0.077672 0.076688
3 0.531164 0.346875 0.082797 0.072375
3 0.446852 0.352115 0.081609 0.092854
3 0.626133 0.360708 0.086484 0.086500
3 0.125898 0.351323 0.096391 0.124437
1 0.480594 0.577885 0.090063 0.058646
1 0.117094 0.504302 0.061844 0.048771
1 0.847156 0.346271 0.051469 0.043125
1 0.017023 0.516521 0.034047 0.037208
1 0.694180 0.383969 0.032078 0.010437
1 0.234734 0.094979 0.013344 0.020375
3 0.119086 0.488865 0.174016 0.304521
3 0.088406 0.355115 0.029844 0.062938
3 0.387477 0.360667 0.041141 0.082583
3 0.380094 0.539865 0.093344 0.279521
