0 0.277492 0.750000 0.133359 0.118542
0 0.710977 0.170615 0.043016 0.036146
0 0.523328 0.170198 0.053750 0.065396
0 0.363719 0.197188 0.051656 0.088000
8 0.500844 0.556708 0.998312 0.886583
0 0.627906 0.914813 0.057688 0.170375
0 0.425836 0.678677 0.064516 0.098229
0 0.430125 0.835667 0.063313 0.153750
0 0.588844 0.130156 0.057969 0.030854
0 0.550961 0.186958 0.033453 0.040083
0 0.588727 0.218906 0.043922 0.023979
0 0.478414 0.263052 0.066172 0.018188
0 0.537914 0.215042 0.046922 0.021750
0 0.619477 0.232010 0.031328 0.035813
