2 0.491321 0.516000 0.070270 0.039960
2 0.711982 0.689050 0.042643 0.031140
2 0.436096 0.757620 0.052973 0.039520
2 0.424429 0.522610 0.064114 0.040740
2 0.458904 0.487630 0.053243 0.018540
2 0.852928 0.582450 0.031922 0.018100
2 0.870931 0.598740 0.042643 0.029040
2 0.461652 0.540400 0.045405 0.025960
2 0.404234 0.508220 0.082823 0.023080
2 0.661351 0.673600 0.069790 0.038720
2 0.534745 0.703000 0.056156 0.039520
2 0.469084 0.500890 0.057688 0.022620
2 0.482958 0.550800 0.053243 0.028480
2 0.621622 0.640000 0.522523 0.236000
