8 0.837813 0.544948 0.322750 0.217990
8 0.179633 0.398486 0.244672 0.129138
3 0.196625 0.300000 0.088594 0.085692
3 0.060063 0.479883 0.119844 0.321958
3 0.194758 0.307702 0.074609 0.085431
3 0.843812 0.299008 0.081031 0.098956
3 0.844695 0.416841 0.108266 0.143185
3 0.750320 0.563734 0.162391 0.441828
3 0.069828 0.673251 0.139656 0.304360
3 0.272766 0.338499 0.057656 0.061227
3 0.128391 0.429047 0.076219 0.159765
3 0.855312 0.769151 0.174094 0.333708
3 0.791734 0.255509 0.053500 0.152219
3 0.238070 0.491175 0.108766 0.093211
