3 0.577727 0.902237 0.125078 0.141101
3 0.649477 0.766616 0.090891 0.112248
3 0.643703 0.625176 0.055156 0.095972
3 0.648539 0.735164 0.046016 0.032342
3 0.834227 0.688009 0.075828 0.106932
3 0.819844 0.671721 0.081000 0.094122
3 0.626680 0.590328 0.061922 0.046557
3 0.626891 0.835726 0.114844 0.054731
3 0.178031 0.497822 0.101813 0.174052
3 0.275094 0.527354 0.016125 0.029836
3 0.036375 0.470539 0.015500 0.040703
3 0.051609 0.470609 0.016156 0.038970
3 0.077617 0.469098 0.016484 0.027705
3 0.310156 0.524590 0.457813 0.159251
