0 0.629320 0.592813 0.103109 0.121292
0 0.939188 0.645271 0.067562 0.112625
0 0.528258 0.192083 0.100453 0.102042
0 0.391086 0.773458 0.079453 0.100500
0 0.345141 0.357875 0.086313 0.067833
0 0.795711 0.486083 0.072641 0.091417
0 0.917375 0.566083 0.034969 0.052458
0 0.279125 0.172958 0.081125 0.086792
0 0.408523 0.160042 0.069641 0.080417
0 0.957172 0.323323 0.085656 0.143396
0 0.370672 0.702854 0.678594 0.553500
0 0.295531 0.272000 0.114156 0.124167
0 0.818937 0.140375 0.081812 0.086958
0 0.579688 0.498958 0.828125 0.997917
