5 0.235750 0.553931 0.056700 0.101114
5 0.720020 0.439187 0.132200 0.214699
5 0.363260 0.529157 0.059560 0.134518
5 0.103490 0.490994 0.178020 0.259940
5 0.159330 0.551672 0.047780 0.123765
14 0.623710 0.438208 0.149220 0.107861
5 0.390830 0.554503 0.045300 0.059367
5 0.755930 0.521370 0.037020 0.050572
5 0.425560 0.424578 0.064560 0.144699
5 0.298850 0.569006 0.073140 0.062169
5 0.220680 0.502937 0.067280 0.071476
5 0.515220 0.356130 0.081920 0.136898
5 0.125740 0.341401 0.080320 0.083283
5 0.437000 0.543675 0.742000 0.171687
