3 0.734742 0.699023 0.225681 0.228703
3 0.144847 0.482469 0.177441 0.096156
1 0.522653 0.683453 0.131972 0.060156
1 0.557254 0.737242 0.141643 0.064766
1 0.472547 0.590766 0.089648 0.033437
1 0.372899 0.596172 0.097958 0.038437
1 0.371913 0.635250 0.095610 0.046000
1 0.263028 0.606234 0.097793 0.044750
1 0.274413 0.640859 0.106385 0.046000
1 0.298486 0.760852 0.125798 0.064516
1 0.477441 0.628773 0.109812 0.041016
1 0.136655 0.666070 0.099695 0.065109
1 0.409214 0.693070 0.114906 0.059891
1 0.129930 0.718305 0.104554 0.054297
8 0.438991 0.733117 0.862394 0.514297
1 0.438028 0.751539 0.107559 0.069359
1 0.207746 0.721094 0.410798 0.154688
