3 0.254016 0.401171 0.268313 0.154567
3 0.286477 0.549309 0.325297 0.225457
3 0.732469 0.495937 0.285531 0.333326
3 0.818625 0.550527 0.340031 0.222693
3 0.228359 0.901499 0.456719 0.173817
3 0.407883 0.257260 0.118578 0.115644
3 0.842187 0.904719 0.315625 0.167377
8 0.440344 0.481171 0.833594 0.369415
8 0.500539 0.235304 0.411703 0.177541
3 0.791992 0.232939 0.111953 0.174871
3 0.252359 0.160258 0.155313 0.302951
3 0.586094 0.259262 0.097281 0.127799
3 0.705094 0.153583 0.125344 0.105995
8 0.500867 0.829871 0.998266 0.335059
