3 0.437055 0.886513 0.202234 0.204496
3 0.432516 0.811912 0.023781 0.198697
3 0.075438 0.760620 0.088344 0.081324
3 0.026680 0.738246 0.053359 0.144055
3 0.898555 0.833697 0.073922 0.129202
3 0.159867 0.618078 0.014453 0.025441
3 0.628445 0.760683 0.040547 0.098172
8 0.194719 0.755200 0.142063 0.076408
3 0.677602 0.725462 0.016828 0.022017
3 0.235656 0.956744 0.117000 0.069664
3 0.948875 0.809443 0.048688 0.129601
8 0.709922 0.967258 0.380281 0.065483
3 0.575422 0.731849 0.029469 0.088487
8 0.076703 0.659086 0.037219 0.032710
8 0.669063 0.711555 0.031594 0.014034
8 0.115352 0.633687 0.089234 0.057164
3 0.625641 0.718887 0.055688 0.082899
3 0.087602 0.902374 0.149828 0.195252
