0 0.574425 0.513102 0.187347 0.065891
0 0.506479 0.412023 0.181549 0.061453
0 0.286408 0.452914 0.095775 0.112641
0 0.106608 0.576625 0.208005 0.106406
0 0.367629 0.695297 0.325211 0.072938
0 0.401737 0.424180 0.220516 0.133266
0 0.275528 0.684141 0.347676 0.075813
0 0.247066 0.737297 0.231455 0.055406
0 0.625352 0.629797 0.274695 0.072844
0 0.639460 0.693273 0.380423 0.169109
0 0.621948 0.588766 0.306009 0.053344
0 0.281444 0.624281 0.221291 0.043938
0 0.764883 0.521266 0.285493 0.043031
0 0.639671 0.425781 0.223005 0.135937
