8 0.466117 0.878927 0.524109 0.242146
8 0.398484 0.580260 0.130969 0.170521
8 0.461539 0.474833 0.047578 0.056625
3 0.851734 0.917156 0.200094 0.165688
3 0.943258 0.748292 0.063828 0.179000
3 0.595203 0.604094 0.011062 0.060104
3 0.262813 0.679417 0.050625 0.186833
3 0.067109 0.920792 0.130875 0.136458
3 0.339891 0.492906 0.058313 0.049479
3 0.190391 0.559490 0.040594 0.127937
3 0.493508 0.498260 0.069391 0.125229
3 0.446289 0.490063 0.015984 0.061792
8 0.384734 0.502000 0.031156 0.039125
8 0.008477 0.551927 0.016953 0.097063
3 0.201883 0.495458 0.022172 0.013500
3 0.274383 0.539531 0.040078 0.100521
3 0.190094 0.487719 0.036000 0.032979
