2 0.487687 0.651969 0.055417 0.026687
2 0.452000 0.635594 0.052250 0.030875
2 0.491958 0.732859 0.045458 0.023375
2 0.569323 0.827898 0.047229 0.029016
2 0.597427 0.817922 0.052604 0.027156
2 0.541906 0.806547 0.042312 0.032094
2 0.620094 0.811695 0.049021 0.021641
2 0.591479 0.792687 0.050583 0.026375
2 0.561469 0.795336 0.038729 0.033203
2 0.566135 0.731617 0.039188 0.021547
2 0.678156 0.784664 0.055354 0.028172
2 0.471948 0.714734 0.024479 0.014906
2 0.567312 0.711555 0.046292 0.024797
13 0.781885 0.389539 0.083146 0.081453
13 0.209948 0.066187 0.419896 0.132375
13 0.499604 0.075797 0.219417 0.151594
13 0.833177 0.100617 0.295354 0.196672
13 0.962604 0.134172 0.074792 0.136125
13 0.052906 0.237789 0.094771 0.069422
