0 0.555880 0.840000 0.222360 0.263520
0 0.732360 0.434120 0.211760 0.124720
0 0.489700 0.470587 0.181760 0.075307
0 0.120000 0.497653 0.225880 0.195307
0 0.534330 0.599560 0.095260 0.072720
0 0.446470 0.917640 0.250580 0.089413
0 0.434180 0.871347 0.259400 0.087067
0 0.814060 0.902667 0.135480 0.137333
0 0.913900 0.958947 0.106000 0.082107
0 0.292590 0.294120 0.108020 0.065040
0 0.814420 0.488893 0.098760 0.065413
0 0.922140 0.348680 0.155720 0.142960
0 0.583020 0.441773 0.051000 0.053467
0 0.500000 0.565333 0.996000 0.746667
