14 0.233130 0.891871 0.155420 0.192365
14 0.321000 0.541557 0.063880 0.090599
14 0.706650 0.530225 0.055340 0.089431
14 0.805880 0.516183 0.047840 0.051407
14 0.577160 0.444102 0.041640 0.020778
3 0.031300 0.801692 0.062600 0.316677
3 0.588690 0.581003 0.056220 0.113623
3 0.948650 0.685539 0.088020 0.197904
3 0.974580 0.673772 0.050840 0.219102
3 0.565340 0.657635 0.080720 0.099880
8 0.495700 0.854266 0.622680 0.291467
8 0.187310 0.632889 0.308420 0.200449
8 0.673450 0.590195 0.137860 0.139611
8 0.835250 0.470269 0.031900 0.022575
8 0.553800 0.473398 0.062320 0.082425
14 0.274760 0.524686 0.044720 0.061168
14 0.114000 0.557665 0.060120 0.032395
14 0.791660 0.409237 0.017080 0.026317
3 0.933980 0.772829 0.074000 0.145838
3 0.980640 0.855704 0.035440 0.140449
3 0.949030 0.557231 0.041140 0.097036
3 0.549640 0.558668 0.047000 0.111228
3 0.053200 0.559760 0.060120 0.138623
3 0.025300 0.549641 0.043360 0.153653
3 0.257730 0.672485 0.105140 0.155150
14 0.902140 0.405464 0.016520 0.020449
14 0.616480 0.402201 0.015160 0.020210
3 0.596920 0.505614 0.033760 0.062545
3 0.738000 0.529940 0.472000 0.281437
