3 0.476547 0.864604 0.025562 0.112958
3 0.398469 0.891615 0.085531 0.125729
3 0.832477 0.587719 0.045422 0.057021
3 0.934570 0.636740 0.019203 0.073104
3 0.750016 0.552365 0.034094 0.045062
14 0.327031 0.581479 0.040781 0.056208
14 0.550281 0.654083 0.102813 0.098875
14 0.655109 0.488125 0.053438 0.044250
14 0.710102 0.507344 0.058234 0.040021
14 0.382516 0.612729 0.073094 0.145083
3 0.053625 0.875146 0.045625 0.201958
14 0.293500 0.492406 0.047625 0.051854
14 0.692508 0.929979 0.061578 0.110417
14 0.992789 0.519823 0.013391 0.082437
14 0.956547 0.510542 0.060625 0.040000
3 0.124500 0.643229 0.022812 0.089792
