3 0.107061 0.943477 0.056745 0.076609
3 0.159180 0.933617 0.054895 0.069391
3 0.692073 0.951594 0.094590 0.016125
3 0.483208 0.927609 0.067822 0.010531
3 0.493806 0.922102 0.062881 0.006672
3 0.622717 0.931953 0.073162 0.011594
3 0.756721 0.923141 0.062529 0.013406
3 0.041920 0.955477 0.063700 0.067109
3 0.796838 0.975508 0.098267 0.022141
3 0.700363 0.971992 0.092155 0.022328
3 0.465867 0.936969 0.071546 0.019719
3 0.694731 0.926406 0.066792 0.009687
3 0.150105 0.939578 0.033091 0.067219
3 0.500000 0.917188 0.995316 0.162500
