3 0.911289 0.911833 0.177422 0.154833
3 0.161633 0.947198 0.190734 0.086188
3 0.973250 0.493823 0.053500 0.091896
3 0.820414 0.449635 0.123641 0.106021
3 0.656172 0.413417 0.102719 0.067625
3 0.103484 0.435302 0.097000 0.062979
15 0.454211 0.717313 0.712797 0.119083
3 0.165992 0.314656 0.038391 0.068146
3 0.379086 0.324583 0.017578 0.079667
3 0.066500 0.380750 0.038500 0.102708
14 0.439047 0.810865 0.328656 0.359563
14 0.852695 0.545229 0.161859 0.198333
14 0.267133 0.669656 0.237641 0.287646
14 0.093453 0.570552 0.186906 0.222771
14 0.089539 0.497604 0.134891 0.122708
14 0.367367 0.406656 0.127641 0.099771
14 0.707766 0.457208 0.125000 0.123875
14 0.648266 0.747646 0.300094 0.329917
14 0.573102 0.433167 0.128234 0.089458
14 0.936102 0.510052 0.127734 0.120146
14 0.024516 0.523438 0.040500 0.135958
14 0.243312 0.434083 0.154969 0.107417
3 0.278500 0.395896 0.104656 0.059417
3 0.547086 0.396854 0.103453 0.078667
14 0.461719 0.397917 0.089063 0.062500
