13 0.937852 0.065251 0.123547 0.127795
8 0.504000 0.753362 0.987594 0.493275
0 0.353133 0.682991 0.075609 0.029869
0 0.400273 0.684552 0.077422 0.116878
0 0.567523 0.653657 0.045453 0.115742
0 0.427422 0.670775 0.056219 0.081507
0 0.420109 0.652544 0.058937 0.148231
0 0.534719 0.630404 0.035875 0.117358
0 0.727055 0.550764 0.088828 0.117642
0 0.634992 0.506441 0.043547 0.085197
0 0.561766 0.631900 0.060094 0.104978
0 0.553008 0.615939 0.024016 0.081310
0 0.684586 0.556517 0.041359 0.070284
0 0.552242 0.658133 0.047891 0.080590
