8 0.572484 0.698107 0.415719 0.297176
3 0.770914 0.509864 0.104047 0.128096
3 0.882188 0.541402 0.102281 0.219121
3 0.939492 0.572824 0.096422 0.173138
3 0.234445 0.592929 0.090422 0.190586
3 0.137344 0.930042 0.137344 0.139916
3 0.286047 0.503023 0.075063 0.111611
3 0.161273 0.635063 0.072422 0.136360
3 0.541875 0.430105 0.091094 0.161339
3 0.535664 0.380397 0.071891 0.098787
3 0.037641 0.841935 0.071313 0.305586
3 0.274859 0.401778 0.088563 0.109623
3 0.342055 0.341695 0.047609 0.046151
8 0.432500 0.373902 0.209594 0.054205
3 0.519023 0.291297 0.051141 0.161967
3 0.642188 0.652720 0.675000 0.690377
