8 0.387703 0.755639 0.095063 0.145167
8 0.610594 0.747000 0.071906 0.129500
3 0.459180 0.739806 0.072734 0.131611
3 0.244516 0.741472 0.061031 0.135833
3 0.320422 0.725583 0.070813 0.112222
3 0.668180 0.741819 0.081172 0.135417
3 0.573422 0.745042 0.080625 0.139250
3 0.956461 0.742931 0.071766 0.144694
3 0.806883 0.730514 0.041016 0.110361
3 0.315570 0.704000 0.018766 0.061556
3 0.604148 0.712319 0.028391 0.048694
3 0.775422 0.724153 0.038656 0.101694
8 0.450195 0.697903 0.049672 0.010028
8 0.830453 0.709681 0.048875 0.037694
3 0.254711 0.737236 0.051484 0.120583
3 0.523617 0.727736 0.022453 0.115639
8 0.906445 0.728722 0.054953 0.091000
8 0.167648 0.708792 0.017203 0.054306
