8 0.544750 0.699104 0.437719 0.148250
8 0.140078 0.614760 0.169187 0.102896
8 0.944234 0.615563 0.111531 0.104875
8 0.651102 0.556438 0.195359 0.067833
3 0.385422 0.866094 0.199313 0.186021
3 0.817703 0.860021 0.193625 0.279958
3 0.861273 0.675615 0.048078 0.113729
3 0.584273 0.592677 0.057891 0.068896
3 0.404773 0.589740 0.033641 0.076604
3 0.543445 0.731281 0.906422 0.254021
3 0.667062 0.901729 0.159031 0.196542
3 0.207250 0.529469 0.043438 0.068312
3 0.221312 0.757865 0.032625 0.047479
3 0.026039 0.729865 0.052078 0.140354
8 0.420016 0.534729 0.074594 0.062833
8 0.409414 0.481396 0.041234 0.046333
8 0.272930 0.496292 0.050234 0.022542
3 0.396578 0.544885 0.029156 0.043146
3 0.307961 0.541271 0.052547 0.031542
3 0.314148 0.559844 0.036141 0.033688
3 0.499219 0.586458 0.998437 0.822917
