5 0.584102 0.622816 0.083109 0.191456
5 0.842633 0.222912 0.093359 0.196659
3 0.639734 0.506969 0.546500 0.270835
3 0.363562 0.442900 0.054531 0.117017
8 0.566398 0.757076 0.867203 0.464606
3 0.426711 0.311718 0.066703 0.058807
3 0.389164 0.307995 0.087328 0.091456
3 0.604320 0.283604 0.045547 0.044726
3 0.564367 0.290477 0.046891 0.046492
3 0.343453 0.274260 0.033687 0.029093
3 0.815063 0.301134 0.046906 0.030191
3 0.604047 0.425644 0.104719 0.207518
3 0.026266 0.360084 0.052531 0.072339
8 0.904031 0.495931 0.191938 0.222124
8 0.434305 0.349702 0.058797 0.044129
5 0.504883 0.220871 0.052891 0.094916
