8 0.574406 0.757711 0.362031 0.428052
8 0.208547 0.577289 0.217469 0.215188
8 0.635953 0.450951 0.133719 0.085610
3 0.800406 0.909237 0.171125 0.176408
3 0.251484 0.653920 0.097125 0.152160
3 0.417219 0.565282 0.055688 0.091596
3 0.408273 0.481937 0.050547 0.107817
3 0.546125 0.485094 0.029812 0.090047
3 0.635641 0.524038 0.040813 0.109671
3 0.145242 0.479225 0.053859 0.039859
3 0.038766 0.528028 0.032750 0.066854
3 0.438250 0.952700 0.182469 0.094601
3 0.494484 0.513685 0.023563 0.054366
3 0.346125 0.861972 0.100094 0.124366
3 0.515344 0.394049 0.028625 0.069742
8 0.401812 0.424331 0.100687 0.082089
8 0.665500 0.379448 0.074219 0.057160
8 0.671547 0.340493 0.054688 0.033146
8 0.437891 0.330552 0.048094 0.030211
8 0.695234 0.315387 0.028031 0.010258
3 0.764602 0.523920 0.058859 0.139390
8 0.369648 0.362324 0.053578 0.030235
8 0.291875 0.389331 0.024906 0.030352
3 0.439844 0.566901 0.832812 0.542254
8 0.388281 0.483568 0.689063 0.384977
