3 0.708240 0.813733 0.244760 0.372533
3 0.237890 0.880520 0.299100 0.238960
3 0.134310 0.734133 0.058100 0.227307
3 0.490660 0.582960 0.065200 0.084213
3 0.914700 0.675000 0.170600 0.343973
3 0.643810 0.509267 0.101420 0.198480
3 0.593290 0.458747 0.051820 0.141760
3 0.889860 0.443400 0.062920 0.118747
3 0.341310 0.466107 0.080060 0.135040
3 0.130770 0.451333 0.024860 0.062933
3 0.707610 0.511107 0.113020 0.126320
3 0.110430 0.440680 0.064420 0.154747
14 0.288410 0.415933 0.064460 0.025573
14 0.170730 0.379213 0.046980 0.017947
14 0.239540 0.364973 0.054440 0.027867
3 0.172500 0.523920 0.124240 0.141227
14 0.192530 0.422560 0.083780 0.029280
14 0.703180 0.419733 0.083800 0.025547
14 0.186900 0.363227 0.049440 0.014080
14 0.660830 0.359427 0.040300 0.062800
14 0.502490 0.347613 0.051140 0.013573
14 0.554870 0.763867 0.191780 0.123147
14 0.443130 0.604613 0.140460 0.065280
14 0.236450 0.643373 0.124500 0.088240
14 0.298200 0.450267 0.074560 0.036907
14 0.198330 0.466720 0.076740 0.034933
3 0.374000 0.445333 0.452000 0.256000
14 0.588000 0.589333 0.820000 0.544000
