2 0.383633 0.834833 0.079641 0.110111
2 0.514789 0.668847 0.077328 0.083917
2 0.590609 0.609333 0.073687 0.075500
2 0.512406 0.705958 0.076313 0.071250
2 0.502953 0.810819 0.086156 0.135139
2 0.421008 0.708694 0.081547 0.102500
2 0.422984 0.663597 0.082500 0.087694
2 0.429820 0.621778 0.072078 0.068278
2 0.435695 0.581625 0.069016 0.073028
2 0.507453 0.749903 0.081969 0.084306
2 0.587781 0.836708 0.091000 0.101139
2 0.523805 0.465875 0.058516 0.057250
2 0.518969 0.620736 0.069219 0.065528
2 0.499219 0.615278 0.260937 0.419444
