3 0.855148 0.606031 0.040172 0.045812
3 0.822297 0.593979 0.035594 0.041292
3 0.648750 0.590208 0.018406 0.040000
3 0.624375 0.591490 0.027625 0.047771
3 0.567555 0.598698 0.043109 0.045562
3 0.550875 0.570813 0.013938 0.029708
3 0.518695 0.571740 0.014016 0.025646
3 0.896102 0.605698 0.033078 0.040688
3 0.496367 0.558479 0.009578 0.015667
3 0.385937 0.583844 0.015469 0.028563
3 0.431102 0.563073 0.016047 0.019771
3 0.483141 0.557667 0.008188 0.013750
3 0.500305 0.573385 0.022266 0.024438
3 0.457813 0.568750 0.331250 0.058333
