3 0.966738 0.407555 0.066523 0.041234
3 0.850283 0.301727 0.110254 0.098109
3 0.880156 0.371992 0.115469 0.037703
3 0.964189 0.437344 0.063809 0.041938
3 0.965859 0.371273 0.068281 0.036234
3 0.939326 0.241695 0.065996 0.036703
3 0.883613 0.540734 0.100039 0.021344
3 0.838232 0.399562 0.041270 0.028719
3 0.848711 0.238773 0.121055 0.031297
3 0.905078 0.511766 0.130352 0.045531
3 0.862725 0.149313 0.076035 0.030875
3 0.869580 0.120852 0.116738 0.027234
3 0.055342 0.138016 0.110684 0.093750
3 0.499023 0.276562 0.998047 0.553125
