3 0.331547 0.047560 0.033719 0.031803
3 0.297836 0.053185 0.032266 0.036611
3 0.265437 0.066623 0.032063 0.059687
3 0.271273 0.021094 0.028328 0.041322
3 0.549766 0.196166 0.036531 0.035361
3 0.550523 0.220901 0.033109 0.027332
3 0.558609 0.267909 0.033625 0.064760
3 0.360680 0.044219 0.028328 0.026514
3 0.357063 0.025553 0.034750 0.031442
3 0.393086 0.040913 0.029672 0.021923
3 0.394227 0.071563 0.029422 0.044279
3 0.334578 0.124062 0.032406 0.080000
3 0.360602 0.069712 0.027672 0.032692
3 0.454688 0.162260 0.815625 0.319712
