5 0.118703 0.772670 0.041156 0.122670
5 0.084555 0.764016 0.042297 0.097260
5 0.065250 0.755621 0.022594 0.073583
5 0.472633 0.880703 0.243203 0.238595
5 0.664945 0.872424 0.163047 0.217494
5 0.592578 0.629438 0.080125 0.173583
5 0.752648 0.647939 0.110953 0.334848
5 0.529563 0.752471 0.176531 0.183864
3 0.235695 0.733677 0.040516 0.029789
5 0.310914 0.854379 0.056391 0.072646
8 0.361664 0.739415 0.082141 0.017283
8 0.319391 0.727869 0.059156 0.020468
8 0.251055 0.711323 0.007047 0.014075
3 0.343156 0.804813 0.038375 0.113326
3 0.316242 0.789356 0.025484 0.096557
8 0.621320 0.748185 0.024797 0.014169
