13 0.796234 0.174531 0.121938 0.129354
8 0.506469 0.710583 0.603531 0.578833
1 0.703305 0.650958 0.111328 0.060000
1 0.640891 0.541510 0.081531 0.027438
1 0.570477 0.444260 0.053172 0.017854
1 0.599648 0.475437 0.039641 0.011750
1 0.306172 0.657646 0.097062 0.072958
3 0.946406 0.643260 0.106844 0.232896
1 0.700328 0.429823 0.021625 0.037062
1 0.524094 0.422531 0.024031 0.004896
1 0.446461 0.402896 0.026109 0.013500
1 0.214891 0.398198 0.014844 0.018188
1 0.789375 0.537646 0.025906 0.032125
1 0.401508 0.403594 0.022484 0.008604
