3 0.661070 0.084953 0.072797 0.082974
3 0.725883 0.089532 0.067453 0.087073
3 0.844242 0.035386 0.062547 0.056393
3 0.937430 0.114344 0.070078 0.085597
3 0.984281 0.121347 0.031438 0.079930
3 0.241297 0.043747 0.050844 0.053208
3 0.299531 0.052471 0.051187 0.047939
3 0.363602 0.043934 0.067766 0.082763
3 0.246961 0.198302 0.084891 0.181897
3 0.787664 0.095211 0.070172 0.091452
3 0.849578 0.102541 0.071594 0.091124
3 0.714078 0.029286 0.063344 0.055152
3 0.780875 0.034192 0.068969 0.067963
3 0.614844 0.062061 0.767188 0.124122
