8 0.399250 0.643601 0.409656 0.113299
8 0.774766 0.815324 0.450469 0.306305
3 0.150867 0.778152 0.106203 0.414426
3 0.558508 0.546127 0.097078 0.052756
3 0.445219 0.579927 0.097312 0.077850
3 0.552500 0.593257 0.122781 0.089896
3 0.562500 0.504885 0.067906 0.040042
3 0.711578 0.684530 0.109500 0.155866
3 0.584047 0.719290 0.151875 0.175031
3 0.317031 0.817975 0.233781 0.337077
3 0.665555 0.589697 0.105484 0.105157
3 0.909055 0.615720 0.082422 0.112359
3 0.979602 0.589457 0.040797 0.095073
3 0.201203 0.538967 0.075813 0.070125
8 0.777727 0.573758 0.122609 0.055532
8 0.984609 0.637067 0.030781 0.035386
8 0.117516 0.580898 0.232125 0.058205
8 0.453328 0.537140 0.118219 0.042129
3 0.354828 0.547797 0.058156 0.095846
5 0.385492 0.493518 0.059422 0.080898
3 0.757031 0.539666 0.189062 0.077244
