3 0.952430 0.337049 0.018828 0.025902
3 0.935234 0.337213 0.024000 0.020562
3 0.366187 0.352740 0.016781 0.022108
3 0.894492 0.336288 0.017453 0.025176
3 0.856086 0.338372 0.020984 0.024941
3 0.838898 0.338044 0.017703 0.025082
3 0.816844 0.338056 0.019281 0.027588
3 0.912125 0.336288 0.019563 0.024895
3 0.781906 0.339180 0.017969 0.026042
3 0.555422 0.345738 0.016594 0.027119
3 0.365555 0.322881 0.016953 0.023279
3 0.381711 0.323056 0.015328 0.021897
3 0.875289 0.336956 0.017922 0.023466
3 0.483594 0.256440 0.957812 0.451991
