3 0.927984 0.191244 0.132406 0.123850
3 0.805477 0.210117 0.148078 0.087653
3 0.671672 0.212782 0.135313 0.091620
3 0.580156 0.206913 0.091063 0.123263
3 0.755367 0.311772 0.127516 0.115516
3 0.862758 0.316444 0.142422 0.130634
3 0.810297 0.409906 0.124438 0.096854
3 0.130148 0.391667 0.142922 0.254038
3 0.056000 0.426268 0.111656 0.088967
3 0.090766 0.220786 0.129656 0.067535
3 0.041078 0.310904 0.069156 0.061808
3 0.964258 0.419730 0.069234 0.099507
3 0.027977 0.458803 0.055953 0.128685
3 0.628906 0.298122 0.104688 0.079812
