3 0.924344 0.394833 0.075563 0.094875
3 0.217414 0.558427 0.104484 0.083146
3 0.800875 0.393198 0.079719 0.089063
3 0.834898 0.174781 0.097266 0.092479
3 0.829219 0.244479 0.087656 0.081833
3 0.739648 0.173688 0.090516 0.086458
3 0.658359 0.103104 0.089531 0.080667
3 0.857875 0.099479 0.093125 0.081500
3 0.955641 0.096812 0.088719 0.084625
3 0.811133 0.318823 0.093859 0.078729
3 0.980109 0.296229 0.039781 0.050875
3 0.291664 0.271281 0.094953 0.108521
3 0.067219 0.389615 0.090625 0.058187
3 0.499219 0.314583 0.998437 0.629167
