3 0.211875 0.573197 0.207375 0.189204
8 0.289469 0.498770 0.264781 0.073981
1 0.447539 0.779766 0.835109 0.408993
3 0.290719 0.445492 0.107062 0.053044
3 0.362250 0.436967 0.112500 0.081335
3 0.386602 0.562377 0.058141 0.060070
3 0.256703 0.399227 0.047844 0.059063
3 0.047961 0.516756 0.063203 0.271499
3 0.396328 0.396499 0.029187 0.024005
3 0.350594 0.383478 0.050562 0.034450
8 0.880148 0.943197 0.122047 0.113607
8 0.163406 0.378876 0.075750 0.048197
8 0.370969 0.410070 0.081437 0.021499
8 0.027297 0.442717 0.054594 0.043185
8 0.372984 0.368326 0.079031 0.043255
