3 0.150602 0.832777 0.177422 0.334447
3 0.365016 0.911848 0.334875 0.145407
3 0.420672 0.490710 0.092969 0.090689
8 0.391547 0.731263 0.420094 0.149916
8 0.392891 0.429332 0.124562 0.058664
14 0.488055 0.610793 0.180703 0.162881
14 0.460898 0.673685 0.219766 0.203278
3 0.703867 0.829207 0.216953 0.314614
3 0.063234 0.695950 0.109656 0.285428
3 0.517930 0.481618 0.120641 0.115637
3 0.961578 0.472025 0.074250 0.134781
3 0.372063 0.519729 0.042188 0.089228
13 0.520773 0.040407 0.043453 0.080814
8 0.106266 0.533319 0.115000 0.055950
8 0.516945 0.439635 0.124172 0.029374
14 0.381859 0.404770 0.032937 0.023862
3 0.819930 0.754207 0.090297 0.420021
3 0.148383 0.434123 0.029484 0.074927
