3 0.176896 0.403273 0.157208 0.176422
14 0.435437 0.667797 0.222208 0.243250
14 0.489885 0.878648 0.308604 0.215734
14 0.390438 0.219773 0.069458 0.033297
3 0.926104 0.365414 0.145833 0.074047
3 0.552312 0.472320 0.895375 0.313547
3 0.764073 0.283852 0.088438 0.063078
3 0.724917 0.255953 0.089958 0.054531
3 0.872573 0.263766 0.078729 0.056719
3 0.877417 0.314797 0.063792 0.057406
3 0.941917 0.274594 0.044917 0.031031
3 0.828635 0.899141 0.140354 0.112688
13 0.213760 0.121719 0.066271 0.040781
3 0.832792 0.446359 0.130250 0.100219
13 0.352917 0.655250 0.046750 0.198406
14 0.475979 0.388156 0.125792 0.097125
14 0.264073 0.340531 0.048188 0.020594
3 0.453479 0.311688 0.092625 0.075156
3 0.612500 0.398438 0.675000 0.309375
