3 0.168305 0.307063 0.043859 0.038792
3 0.087727 0.276365 0.040516 0.043354
3 0.130109 0.271615 0.040375 0.030646
3 0.113727 0.337333 0.031734 0.028208
3 0.532438 0.262396 0.041813 0.037167
3 0.414938 0.231948 0.039625 0.027396
3 0.205984 0.305365 0.034563 0.037354
3 0.496367 0.227625 0.040484 0.031083
3 0.828125 0.360687 0.035156 0.020833
3 0.674586 0.196521 0.036984 0.034875
3 0.723836 0.200948 0.043828 0.045312
3 0.762023 0.197031 0.035547 0.029479
3 0.806094 0.163677 0.036437 0.030646
3 0.499219 0.195833 0.998437 0.379167
