8 0.924359 0.774833 0.145437 0.280375
8 0.874117 0.320583 0.251766 0.070583
8 0.682219 0.269958 0.135563 0.042250
8 0.500586 0.808188 0.997672 0.351292
1 0.562969 0.766562 0.584375 0.336125
3 0.150172 0.504708 0.143250 0.405167
3 0.734945 0.448990 0.166891 0.310354
3 0.780734 0.254135 0.075563 0.101729
3 0.732367 0.255229 0.044547 0.098583
3 0.078016 0.333552 0.145969 0.134229
3 0.669664 0.307771 0.072672 0.203750
3 0.826719 0.243594 0.051781 0.103938
3 0.890781 0.242792 0.062062 0.096792
3 0.952648 0.291115 0.093172 0.051021
8 0.854914 0.256573 0.237297 0.059646
8 0.090547 0.319052 0.181094 0.054437
3 0.056813 0.263937 0.092219 0.075167
3 0.061148 0.219656 0.066016 0.040271
8 0.105578 0.444781 0.207719 0.126229
8 0.918047 0.361354 0.159469 0.050250
8 0.938977 0.255198 0.068266 0.017688
3 0.903008 0.480375 0.193953 0.313792
3 0.540625 0.268750 0.915625 0.112500
