3 0.229603 0.813547 0.334953 0.370906
3 0.821484 0.725352 0.350491 0.401484
3 0.662523 0.456695 0.194907 0.145203
3 0.533329 0.593906 0.296098 0.261031
3 0.323271 0.505500 0.162617 0.179313
3 0.468329 0.410734 0.165537 0.111125
3 0.104252 0.564328 0.206729 0.093875
3 0.941928 0.467414 0.116145 0.173734
3 0.836285 0.452656 0.172056 0.186844
3 0.682243 0.373664 0.118692 0.072922
3 0.341051 0.371695 0.096729 0.072766
3 0.692734 0.309617 0.049673 0.040453
3 0.152266 0.423344 0.097570 0.145687
3 0.495327 0.584375 0.990654 0.671875
