3 0.775940 0.416397 0.057173 0.252075
3 0.260016 0.315842 0.090915 0.072010
3 0.344363 0.267982 0.054052 0.026748
3 0.258824 0.253497 0.049314 0.018922
3 0.120662 0.379052 0.102859 0.223203
3 0.196667 0.261340 0.059444 0.032778
8 0.917598 0.554101 0.134869 0.138105
1 0.538203 0.850711 0.739314 0.267402
1 0.667998 0.670670 0.338676 0.146667
1 0.231658 0.697402 0.435833 0.229608
3 0.871454 0.486528 0.141863 0.120507
3 0.199992 0.277533 0.056324 0.028562
8 0.148186 0.310245 0.141863 0.046438
8 0.044943 0.298186 0.061977 0.088824
8 0.269771 0.272018 0.201536 0.042827
3 0.916029 0.371332 0.118105 0.228088
3 0.853096 0.376740 0.108186 0.194559
3 0.652337 0.457533 0.099771 0.297157
3 0.259297 0.273554 0.068660 0.028448
8 0.830645 0.305343 0.169265 0.057386
