3 0.751640 0.765893 0.090600 0.218773
3 0.190430 0.911853 0.112420 0.154373
3 0.770220 0.900000 0.134840 0.164053
8 0.451510 0.913893 0.391820 0.156960
8 0.183410 0.674400 0.151860 0.038133
8 0.716760 0.662907 0.152640 0.033707
8 0.731830 0.608013 0.056580 0.034480
8 0.984930 0.698480 0.029900 0.033867
8 0.269090 0.794267 0.210260 0.191733
8 0.053100 0.664653 0.103440 0.042213
8 0.944590 0.639173 0.110820 0.067093
3 0.958200 0.820213 0.083600 0.266987
3 0.954460 0.653200 0.061240 0.103360
3 0.421870 0.814840 0.155700 0.076773
3 0.696810 0.620307 0.046460 0.062533
3 0.305850 0.627267 0.035060 0.054533
3 0.435420 0.790053 0.126240 0.098667
3 0.659420 0.739400 0.083760 0.179227
3 0.145030 0.738120 0.088380 0.137253
3 0.178580 0.882120 0.145520 0.235760
8 0.810890 0.635347 0.123860 0.023387
8 0.392730 0.633840 0.109100 0.032800
8 0.068850 0.819600 0.080540 0.037653
3 0.513750 0.753573 0.061780 0.170667
3 0.470000 0.725333 0.916000 0.320000
