2 0.565170 0.480933 0.040540 0.027200
2 0.717770 0.794293 0.034340 0.020267
2 0.619230 0.501227 0.035940 0.026080
2 0.611060 0.542133 0.043520 0.032000
2 0.532360 0.534440 0.043120 0.030800
2 0.663950 0.611253 0.038900 0.030880
2 0.159340 0.373813 0.034680 0.066400
2 0.566320 0.536613 0.033680 0.030773
8 0.441240 0.731173 0.769480 0.511680
2 0.652130 0.541600 0.036820 0.023253
2 0.647870 0.664280 0.029140 0.020773
2 0.492940 0.588893 0.041400 0.030587
2 0.603120 0.685547 0.036240 0.024907
2 0.583000 0.598667 0.250000 0.269333
