3 0.400400 0.675844 0.097720 0.212607
3 0.320820 0.721779 0.112680 0.224540
3 0.166940 0.740521 0.127520 0.229509
3 0.081190 0.694985 0.080220 0.226963
3 0.138860 0.577623 0.068920 0.098313
3 0.201810 0.558451 0.057660 0.033896
3 0.437250 0.611979 0.066300 0.154325
3 0.488410 0.576120 0.033540 0.118129
3 0.741200 0.750230 0.113600 0.236595
3 0.561540 0.730368 0.061600 0.229018
8 0.254470 0.694831 0.165660 0.240215
8 0.301470 0.551994 0.130140 0.031472
8 0.687980 0.543926 0.039640 0.024785
8 0.633990 0.603497 0.115180 0.037301
3 0.505510 0.550061 0.018180 0.057485
3 0.419650 0.560414 0.054380 0.026043
3 0.218080 0.554509 0.043200 0.046626
