3 0.329367 0.592844 0.084547 0.275563
3 0.340164 0.505573 0.069859 0.060146
16 0.511625 0.667510 0.027875 0.070438
16 0.826375 0.524563 0.013750 0.023250
16 0.096727 0.573552 0.019734 0.037854
3 0.079867 0.473813 0.021078 0.068583
3 0.433656 0.469125 0.039844 0.035417
3 0.765172 0.596375 0.094875 0.258292
3 0.701359 0.491885 0.024031 0.059271
13 0.727539 0.384146 0.070359 0.128792
13 0.970008 0.465865 0.059984 0.078229
13 0.907570 0.311042 0.184578 0.281500
13 0.067883 0.326896 0.135453 0.251875
14 0.971492 0.465250 0.056391 0.078792
3 0.966422 0.596156 0.067156 0.241812
