8 0.449031 0.647000 0.524687 0.392708
3 0.900633 0.616292 0.198516 0.732250
3 0.022398 0.387667 0.041141 0.191250
3 0.587828 0.371448 0.026719 0.089063
3 0.417930 0.322948 0.022891 0.065313
3 0.705063 0.336188 0.036469 0.044083
3 0.522680 0.373240 0.047984 0.083937
3 0.440859 0.326406 0.025844 0.040104
3 0.502570 0.312948 0.023984 0.021313
3 0.496734 0.279031 0.038562 0.029979
3 0.587289 0.321427 0.055797 0.072646
3 0.153289 0.698948 0.306578 0.602104
5 0.082789 0.197406 0.165578 0.379229
8 0.463898 0.294406 0.076078 0.031688
8 0.424367 0.267458 0.070922 0.014458
8 0.530367 0.326667 0.094609 0.029292
8 0.581156 0.295510 0.066750 0.026771
3 0.339062 0.339583 0.112500 0.287500
