13 0.636340 0.145360 0.171640 0.195893
3 0.052310 0.489987 0.098180 0.472080
14 0.727250 0.701120 0.365740 0.512373
14 0.351410 0.749067 0.244380 0.334827
14 0.426660 0.439987 0.206480 0.246320
15 0.574870 0.898547 0.068140 0.116987
3 0.929710 0.775360 0.084380 0.062613
14 0.640700 0.360867 0.171520 0.242160
15 0.782870 0.672960 0.062740 0.040587
8 0.472400 0.663640 0.882480 0.631173
13 0.575450 0.346640 0.043060 0.206027
13 0.608100 0.688013 0.120800 0.471280
13 0.984940 0.132280 0.028800 0.116133
15 0.323660 0.576067 0.050000 0.026587
16 0.834280 0.349973 0.043320 0.049333
