3 0.434828 0.570896 0.049812 0.096167
3 0.467570 0.534292 0.026953 0.034292
3 0.644562 0.565885 0.072156 0.100937
3 0.411430 0.566698 0.028984 0.093771
3 0.695648 0.552656 0.041047 0.071938
3 0.650867 0.509583 0.020234 0.010875
3 0.588867 0.562719 0.047859 0.092062
3 0.562156 0.565896 0.037875 0.098750
3 0.491742 0.561917 0.054391 0.097208
3 0.671687 0.564000 0.018313 0.078208
3 0.538453 0.539042 0.027781 0.033167
3 0.521578 0.556708 0.025000 0.081250
5 0.514602 0.490990 0.213453 0.052771
8 0.465289 0.524813 0.045016 0.008208
8 0.609484 0.522542 0.036625 0.010375
8 0.685266 0.514177 0.052844 0.008104
3 0.684414 0.546823 0.020672 0.061604
3 0.541406 0.538542 0.198437 0.064583
