8 0.514602 0.643443 0.523578 0.713115
8 0.161523 0.505749 0.323047 0.336276
1 0.533750 0.737646 0.276281 0.190609
8 0.880109 0.325468 0.114375 0.072951
1 0.570195 0.359426 0.101984 0.033888
3 0.857437 0.822658 0.185969 0.354684
3 0.963281 0.900000 0.073438 0.195504
3 0.030734 0.924895 0.061469 0.149883
3 0.115453 0.848150 0.097875 0.303700
3 0.074383 0.731979 0.139734 0.304052
3 0.866656 0.388220 0.028719 0.153302
3 0.839992 0.330679 0.016047 0.068993
3 0.811953 0.307237 0.021531 0.054895
3 0.033781 0.443267 0.029531 0.057822
3 0.187250 0.316721 0.084969 0.154707
3 0.896914 0.633607 0.078453 0.166183
3 0.964297 0.539028 0.040438 0.324286
3 0.907031 0.454333 0.089063 0.276347
