3 0.953625 0.554843 0.092750 0.218766
3 0.211836 0.744278 0.175828 0.367720
3 0.550633 0.543588 0.137359 0.086088
3 0.420180 0.841077 0.233047 0.317845
3 0.757617 0.823828 0.235828 0.352343
3 0.867938 0.597165 0.150594 0.231276
3 0.956273 0.387782 0.068922 0.129707
3 0.800883 0.361569 0.035922 0.065983
8 0.974680 0.359027 0.050641 0.019351
8 0.982234 0.493065 0.035531 0.039226
3 0.911984 0.385282 0.053062 0.092071
3 0.871672 0.341318 0.026656 0.054310
3 0.857234 0.327071 0.018594 0.031464
8 0.940594 0.353316 0.029844 0.011653
8 0.484008 0.634268 0.331453 0.139540
3 0.844977 0.356433 0.026016 0.043996
3 0.798961 0.315115 0.024047 0.011402
3 0.838281 0.427824 0.167187 0.253138
