3 0.316297 0.876292 0.076500 0.143625
3 0.213297 0.882198 0.081875 0.143313
3 0.078227 0.892615 0.088703 0.146229
8 0.161734 0.882146 0.067281 0.137625
3 0.373281 0.810854 0.064375 0.058083
3 0.163492 0.869917 0.028609 0.121292
3 0.290477 0.784021 0.012141 0.009042
5 0.460797 0.504573 0.029313 0.035271
5 0.671922 0.473479 0.056406 0.093375
3 0.239148 0.794542 0.028516 0.021042
3 0.337500 0.784073 0.035563 0.012021
5 0.068141 0.806677 0.015969 0.029771
5 0.263672 0.795385 0.018875 0.029604
5 0.294672 0.800500 0.018469 0.032083
5 0.575141 0.496781 0.044281 0.044771
5 0.423156 0.497469 0.054937 0.042188
8 0.317148 0.856229 0.142703 0.091542
8 0.281953 0.811823 0.018594 0.010604
