3 0.524021 0.857586 0.098514 0.071984
3 0.881722 0.759781 0.156840 0.061687
3 0.293325 0.665297 0.019670 0.018812
3 0.755708 0.651094 0.095236 0.031375
3 0.893715 0.645578 0.082571 0.032188
3 0.542123 0.716938 0.047406 0.039375
3 0.220861 0.628961 0.057288 0.033516
3 0.233903 0.669695 0.061250 0.043828
3 0.810094 0.598250 0.044057 0.012656
3 0.301097 0.621625 0.042335 0.025250
3 0.349116 0.611578 0.040071 0.008750
3 0.060224 0.873547 0.106156 0.105781
3 0.246309 0.720648 0.060778 0.048047
3 0.515330 0.775781 0.964623 0.445312
