2 0.146227 0.203072 0.033484 0.080631
2 0.270742 0.138727 0.030453 0.081192
2 0.205477 0.167699 0.028484 0.089696
2 0.244688 0.232079 0.063813 0.028271
2 0.181203 0.163224 0.028187 0.103832
2 0.165539 0.191554 0.031734 0.092874
2 0.114445 0.205164 0.035141 0.070794
2 0.461117 0.188703 0.050078 0.066565
2 0.271625 0.569299 0.055719 0.051075
2 0.280180 0.526554 0.057578 0.043341
2 0.281766 0.455421 0.050562 0.051308
2 0.342336 0.190689 0.060484 0.052079
2 0.232594 0.144766 0.022187 0.091402
2 0.675664 0.471145 0.046734 0.043738
2 0.510156 0.495327 0.932813 0.925234
