3 0.416310 0.657725 0.245500 0.500000
3 0.675270 0.768812 0.380220 0.440875
8 0.710380 0.591987 0.481120 0.172175
8 0.335030 0.399775 0.258220 0.038950
8 0.698330 0.381812 0.094340 0.030675
3 0.759690 0.452037 0.089100 0.164575
3 0.640910 0.437750 0.113500 0.158200
3 0.543820 0.431825 0.099120 0.168450
3 0.330760 0.370950 0.076000 0.037000
3 0.299400 0.520887 0.132560 0.298025
3 0.876410 0.589487 0.246300 0.275325
3 0.068730 0.601575 0.135500 0.411400
3 0.710320 0.381500 0.059120 0.072200
3 0.209840 0.489412 0.107600 0.267825
3 0.455930 0.429325 0.101060 0.138600
