8 0.500844 0.494365 0.998312 0.988729
0 0.527469 0.669354 0.043531 0.165417
0 0.386359 0.715219 0.106906 0.131479
0 0.469297 0.564073 0.104781 0.085771
0 0.475789 0.611563 0.024547 0.048375
0 0.372758 0.615635 0.090453 0.102438
0 0.442344 0.618094 0.042719 0.095896
0 0.309867 0.538229 0.044953 0.149250
0 0.374555 0.669406 0.096016 0.102688
0 0.362195 0.456854 0.023547 0.045875
0 0.479875 0.727906 0.052531 0.104438
0 0.317211 0.667208 0.063641 0.070917
0 0.452094 0.700656 0.094969 0.131146
0 0.320312 0.567708 0.225000 0.252083
