3 0.803310 0.369258 0.199859 0.105641
3 0.942113 0.335836 0.115775 0.034391
3 0.383157 0.317852 0.178897 0.055609
3 0.343052 0.228867 0.172113 0.079672
3 0.476209 0.248703 0.057582 0.063344
3 0.666162 0.195492 0.148991 0.016297
3 0.715810 0.233734 0.115000 0.035875
3 0.901408 0.267961 0.148263 0.031172
3 0.831291 0.462391 0.140892 0.102281
3 0.752923 0.319969 0.160305 0.066187
3 0.366690 0.269031 0.166573 0.028375
3 0.372793 0.347570 0.107512 0.040297
3 0.537113 0.071109 0.194601 0.080312
3 0.500000 0.246875 0.995305 0.493750
