3 0.345680 0.830042 0.206891 0.339917
3 0.099742 0.787375 0.196484 0.390458
3 0.191414 0.563604 0.118016 0.076083
3 0.449570 0.720760 0.080141 0.370563
3 0.840695 0.761531 0.165234 0.470438
3 0.806594 0.460479 0.066312 0.172958
3 0.770250 0.391500 0.037937 0.174625
3 0.624711 0.396396 0.047734 0.129583
8 0.291898 0.777708 0.401359 0.444583
8 0.556750 0.318177 0.067000 0.029771
3 0.809984 0.361500 0.066062 0.027250
3 0.572195 0.447188 0.073078 0.157583
3 0.588508 0.357229 0.044078 0.059583
3 0.684617 0.333552 0.038953 0.088063
8 0.940555 0.788406 0.118891 0.423187
8 0.612125 0.276292 0.079375 0.018000
8 0.579352 0.299229 0.093828 0.026792
8 0.709875 0.267635 0.064594 0.021646
3 0.654477 0.350448 0.037109 0.093021
3 0.602344 0.576042 0.329688 0.589583
