0 0.420234 0.613385 0.052750 0.062604
0 0.588203 0.573594 0.068000 0.078229
0 0.324641 0.662094 0.050875 0.090854
0 0.598273 0.661135 0.058734 0.099021
8 0.500000 0.494365 1.000000 0.986479
0 0.417547 0.789906 0.045469 0.073229
0 0.622328 0.817937 0.050875 0.084792
0 0.516891 0.577146 0.049719 0.063875
0 0.393180 0.636510 0.055703 0.057521
0 0.696586 0.511969 0.048609 0.054521
0 0.737664 0.633260 0.040828 0.079813
0 0.506383 0.739198 0.070359 0.122521
0 0.466977 0.576042 0.059266 0.062542
0 0.657133 0.645823 0.050047 0.063896
