3 0.188991 0.848388 0.213229 0.277433
3 0.235460 0.673522 0.077422 0.059104
8 0.683957 0.833522 0.473655 0.160000
8 0.275381 0.837358 0.281166 0.293045
8 0.265460 0.625896 0.197108 0.033104
3 0.374025 0.819642 0.159260 0.293552
3 0.915191 0.896224 0.071278 0.207373
3 0.754159 0.950418 0.243924 0.099164
5 0.870011 0.494701 0.085045 0.166358
3 0.417915 0.635851 0.074170 0.093313
8 0.902679 0.716149 0.194372 0.068000
8 0.468834 0.606642 0.122332 0.031015
3 0.469047 0.699940 0.056883 0.151463
3 0.594507 0.954955 0.119058 0.084776
3 0.457018 0.906448 0.184395 0.183045
3 0.972578 0.866776 0.053004 0.265015
3 0.827186 0.769134 0.104193 0.143224
