8 0.780148 0.423817 0.096391 0.085761
3 0.586523 0.517459 0.039078 0.164192
3 0.530406 0.496347 0.080156 0.198689
3 0.459539 0.440632 0.072328 0.143513
3 0.349594 0.388829 0.043719 0.136956
3 0.162336 0.837108 0.311141 0.325785
3 0.397695 0.361944 0.045234 0.037658
3 0.981477 0.389450 0.037047 0.114543
3 0.741531 0.516440 0.037719 0.086089
8 0.287445 0.467752 0.101047 0.225574
8 0.531266 0.386101 0.143281 0.176604
8 0.957078 0.340082 0.018406 0.048407
3 0.337438 0.498794 0.064375 0.074215
3 0.043594 0.954215 0.087188 0.089321
8 0.973367 0.521756 0.052047 0.100609
3 0.534328 0.285000 0.022937 0.050609
3 0.794211 0.567904 0.078672 0.072342
3 0.921266 0.341827 0.020469 0.034239
8 0.572234 0.787377 0.595313 0.425012
