2 0.833454 0.828883 0.099087 0.064484
2 0.810211 0.816492 0.113255 0.079391
2 0.797799 0.872984 0.115176 0.023719
2 0.698267 0.842555 0.124778 0.069109
2 0.585012 0.843633 0.086089 0.043891
2 0.537600 0.828203 0.066347 0.043719
2 0.659532 0.821203 0.095316 0.050406
2 0.710714 0.792680 0.101569 0.045172
2 0.316956 0.854703 0.118314 0.037719
2 0.419215 0.849516 0.098337 0.039656
2 0.565035 0.838234 0.090632 0.039750
2 0.417342 0.814312 0.043864 0.032063
2 0.665082 0.862305 0.108103 0.040484
2 0.320843 0.800781 0.154567 0.098437
