13 0.435305 0.170104 0.295359 0.204125
13 0.112117 0.334708 0.085047 0.105167
14 0.906250 0.636260 0.184125 0.085604
14 0.866406 0.533979 0.119844 0.045708
14 0.849586 0.471635 0.098484 0.034646
15 0.266523 0.486260 0.034328 0.017688
15 0.973234 0.690792 0.048250 0.028917
15 0.901961 0.558292 0.041984 0.021292
15 0.831266 0.486323 0.030969 0.014479
3 0.483609 0.524542 0.075844 0.247000
3 0.169922 0.440104 0.097656 0.132792
3 0.728141 0.541146 0.111813 0.341000
3 0.130516 0.774031 0.261031 0.425979
3 0.061523 0.485687 0.123047 0.145833
3 0.365336 0.679323 0.207672 0.500188
3 0.776297 0.750656 0.087656 0.472729
