3 0.220758 0.788178 0.303453 0.393551
3 0.588039 0.358832 0.121078 0.211215
8 0.629289 0.650864 0.529547 0.534346
1 0.402703 0.561647 0.038594 0.037173
1 0.438172 0.539848 0.044969 0.050444
1 0.434297 0.643914 0.037125 0.039369
1 0.553945 0.811974 0.033578 0.069089
1 0.840312 0.678026 0.048969 0.057640
1 0.816977 0.559474 0.045828 0.046472
1 0.455789 0.670140 0.039703 0.057430
1 0.614461 0.477360 0.036297 0.038785
1 0.399398 0.529428 0.035328 0.041285
1 0.423391 0.686787 0.032094 0.053107
1 0.608773 0.509100 0.037047 0.033855
1 0.811187 0.512979 0.020844 0.033762
3 0.394141 0.508411 0.174687 0.177196
1 0.649375 0.506168 0.041188 0.043925
