0 0.830588 0.652941 0.131765 0.143529
0 0.935539 0.625123 0.059837 0.102337
0 0.971054 0.650033 0.057892 0.133268
0 0.850801 0.705458 0.040915 0.033562
0 0.860212 0.581846 0.043366 0.034281
0 0.931152 0.725523 0.034003 0.019739
0 0.808538 0.581920 0.040441 0.040670
0 0.777663 0.625008 0.055980 0.045343
3 0.482516 0.150294 0.225980 0.154020
3 0.929175 0.123219 0.141650 0.246438
5 0.281176 0.213227 0.174542 0.115049
0 0.897418 0.634101 0.044739 0.032614
3 0.550719 0.120376 0.154118 0.192418
8 0.500000 0.582328 1.000000 0.835343
0 0.781511 0.565613 0.037435 0.037435
