2 0.592141 0.464708 0.070344 0.070500
2 0.464672 0.119719 0.077375 0.072646
2 0.812055 0.386042 0.066953 0.072208
2 0.568203 0.424250 0.066219 0.112792
2 0.377219 0.496635 0.064375 0.116146
2 0.649656 0.476323 0.063406 0.112937
2 0.623641 0.402823 0.062062 0.070729
2 0.511367 0.426229 0.064859 0.121958
2 0.455805 0.409427 0.059172 0.075938
2 0.464008 0.477927 0.071891 0.099771
2 0.324383 0.478906 0.057172 0.080021
2 0.270828 0.478312 0.060750 0.067500
2 0.479047 0.754594 0.073281 0.072354
2 0.666406 0.585417 0.548438 0.545833
