3 0.788625 0.944292 0.103094 0.109858
3 0.799492 0.866592 0.077109 0.095590
3 0.461539 0.958196 0.060266 0.079222
3 0.517328 0.873373 0.073406 0.117830
3 0.939539 0.838042 0.052109 0.061651
3 0.099102 0.853986 0.047797 0.114292
3 0.549953 0.864446 0.021281 0.045495
3 0.561234 0.834068 0.031875 0.095354
3 0.948320 0.660531 0.010609 0.027241
3 0.964680 0.609351 0.026828 0.063561
3 0.724734 0.621580 0.025969 0.054104
3 0.839250 0.932854 0.041281 0.100142
3 0.643437 0.792158 0.036250 0.067382
3 0.614062 0.632075 0.768750 0.382075
