3 0.867648 0.651917 0.055859 0.061667
3 0.760867 0.610365 0.028672 0.050479
3 0.761625 0.632917 0.058406 0.059125
3 0.088484 0.737073 0.176969 0.089896
3 0.096523 0.635635 0.007641 0.017979
3 0.527414 0.639375 0.077516 0.093125
3 0.930555 0.677385 0.075641 0.061187
3 0.468508 0.961687 0.313641 0.057125
3 0.063359 0.616802 0.123313 0.017854
3 0.087922 0.685042 0.175844 0.039750
3 0.085992 0.661396 0.171984 0.030500
3 0.615336 0.654833 0.164797 0.103750
3 0.500930 0.672625 0.998141 0.090917
3 0.728906 0.764583 0.301563 0.466667
