8 0.735106 0.360703 0.139330 0.015850
8 0.739387 0.348546 0.075441 0.012516
3 0.756936 0.401029 0.051291 0.069379
3 0.804641 0.398448 0.060392 0.078366
3 0.652369 0.347508 0.038072 0.038088
3 0.616446 0.358203 0.049134 0.048529
3 0.502263 0.335825 0.013023 0.013154
3 0.833840 0.319788 0.013856 0.006928
3 0.805327 0.317533 0.015686 0.006275
3 0.670139 0.380915 0.037337 0.027582
3 0.781511 0.446716 0.077565 0.025850
3 0.699126 0.339240 0.021683 0.030735
3 0.794583 0.353832 0.030670 0.016454
3 0.824608 0.350703 0.031667 0.025654
3 0.629967 0.324126 0.012418 0.005572
3 0.687092 0.453431 0.616013 0.312092
