3 0.382250 0.859781 0.186156 0.262920
3 0.836445 0.940742 0.278328 0.090292
3 0.507258 0.743820 0.142859 0.125839
3 0.605844 0.779428 0.175531 0.134915
3 0.680055 0.728345 0.140078 0.100730
3 0.824406 0.777616 0.177094 0.142092
3 0.750516 0.687920 0.129844 0.088394
3 0.856641 0.722311 0.152812 0.101509
3 0.925617 0.574331 0.065328 0.141314
3 0.483812 0.941436 0.270469 0.096837
3 0.139984 0.926229 0.279969 0.147348
3 0.433680 0.884416 0.236859 0.194818
3 0.889648 0.673260 0.129891 0.090852
3 0.500000 0.725061 0.996875 0.545012
