3 0.273730 0.421036 0.040380 0.060631
3 0.305550 0.409880 0.032580 0.049369
3 0.538900 0.335435 0.031840 0.047087
3 0.444320 0.398514 0.038520 0.060330
3 0.587760 0.382943 0.041960 0.060180
3 0.909320 0.294129 0.027160 0.040751
3 0.799710 0.182868 0.021540 0.040030
3 0.507590 0.208964 0.030700 0.055105
3 0.312900 0.228243 0.038240 0.045135
3 0.411860 0.403183 0.044680 0.060480
3 0.773010 0.309910 0.033220 0.044384
3 0.672310 0.190976 0.023140 0.029219
3 0.225430 0.327523 0.035860 0.044655
3 0.567000 0.252252 0.658000 0.354354
