8 0.500000 0.500000 1.000000 0.973052
2 0.571648 0.622359 0.194203 0.232934
2 0.784539 0.757300 0.222859 0.251690
2 0.403633 0.532277 0.174484 0.190751
2 0.195539 0.367430 0.139672 0.133169
2 0.519828 0.410270 0.152188 0.145986
2 0.562492 0.736080 0.186016 0.142817
2 0.296211 0.313298 0.123672 0.146878
2 0.689672 0.490411 0.183312 0.178333
2 0.282625 0.455516 0.157906 0.158638
2 0.879750 0.607852 0.207969 0.202465
2 0.763602 0.879777 0.237828 0.213498
2 0.396336 0.638885 0.155641 0.112840
2 0.536711 0.506221 0.101422 0.092160
2 0.503125 0.483568 0.928125 0.619718
