2 0.187531 0.226893 0.065656 0.055361
2 0.145523 0.254081 0.056141 0.047374
2 0.091484 0.273184 0.052156 0.035952
2 0.085617 0.261346 0.041609 0.036039
2 0.097508 0.229912 0.028047 0.029059
2 0.083680 0.194409 0.050297 0.031707
2 0.116961 0.154409 0.039141 0.027943
2 0.160172 0.149551 0.038437 0.034683
2 0.110961 0.215252 0.022266 0.023501
2 0.137953 0.201904 0.035687 0.032560
2 0.179688 0.175252 0.028687 0.026039
2 0.233266 0.199234 0.049938 0.055055
2 0.139984 0.310317 0.100063 0.074333
2 0.499219 0.547046 0.998437 0.901532
