5 0.293461 0.563250 0.051109 0.213875
3 0.629359 0.661531 0.094844 0.251396
8 0.292055 0.680000 0.481766 0.169417
8 0.438859 0.566875 0.039750 0.067500
3 0.048562 0.894958 0.097125 0.210083
3 0.734539 0.676323 0.071734 0.093562
3 0.324203 0.875240 0.156781 0.232771
3 0.624453 0.606792 0.035969 0.111750
3 0.264180 0.558917 0.040047 0.056500
3 0.138984 0.605417 0.071656 0.061333
3 0.485875 0.590302 0.040250 0.061437
3 0.485563 0.925635 0.218500 0.145646
8 0.751000 0.880635 0.123906 0.233229
8 0.081930 0.603656 0.071141 0.073271
