13 0.299078 0.150562 0.042938 0.043917
8 0.387805 0.722187 0.195234 0.134708
8 0.372484 0.608969 0.223656 0.112104
8 0.482867 0.531458 0.214047 0.110125
8 0.468531 0.906281 0.467687 0.158729
8 0.704648 0.611594 0.200109 0.183896
14 0.733906 0.501062 0.096312 0.084542
3 0.691539 0.732750 0.206141 0.402500
8 0.526258 0.349396 0.089547 0.024417
13 0.384836 0.157365 0.037266 0.038937
3 0.571672 0.577094 0.116281 0.291687
3 0.308539 0.339844 0.048391 0.085437
3 0.328289 0.292844 0.023297 0.016438
3 0.352539 0.306240 0.022641 0.036354
3 0.259094 0.291323 0.027125 0.020021
3 0.401180 0.326458 0.020953 0.093500
3 0.651383 0.343969 0.039453 0.052896
3 0.201852 0.513458 0.040703 0.101750
3 0.369047 0.317375 0.016188 0.006333
3 0.781305 0.353937 0.025109 0.058250
3 0.932156 0.507073 0.065906 0.085562
3 0.529219 0.378135 0.044719 0.109312
3 0.637391 0.438177 0.053469 0.140604
8 0.301414 0.306365 0.101672 0.022688
8 0.034508 0.385365 0.069016 0.053479
8 0.704211 0.347333 0.102109 0.053250
8 0.661469 0.423156 0.073844 0.034312
13 0.505773 0.514792 0.060016 0.053833
8 0.901445 0.573406 0.196922 0.081312
8 0.850000 0.391667 0.034375 0.029167
3 0.492188 0.506250 0.984375 0.983333
