3 0.763609 0.167740 0.027187 0.026534
3 0.622258 0.222061 0.034391 0.022763
3 0.654961 0.195679 0.035859 0.033513
3 0.585633 0.204028 0.037953 0.050398
3 0.548367 0.207845 0.042422 0.042061
3 0.865844 0.137518 0.036937 0.028618
3 0.801367 0.200176 0.028703 0.032108
3 0.827789 0.138185 0.034297 0.030796
3 0.262445 0.076230 0.032484 0.024684
3 0.291891 0.073232 0.034094 0.029977
3 0.317805 0.104016 0.037609 0.034871
3 0.231414 0.102494 0.027516 0.024848
3 0.195750 0.125176 0.019125 0.027728
3 0.506250 0.285714 0.984375 0.566745
