5 0.319430 0.403573 0.041141 0.046767
3 0.722352 0.926720 0.183484 0.125009
3 0.280711 0.780690 0.078984 0.200699
3 0.748570 0.757732 0.104297 0.048998
3 0.139539 0.875425 0.096922 0.249149
3 0.393086 0.898100 0.104203 0.196087
8 0.463430 0.804490 0.276766 0.269660
3 0.122234 0.720236 0.073000 0.118733
3 0.930688 0.602599 0.066562 0.020775
3 0.487078 0.586040 0.046281 0.023762
3 0.979766 0.657297 0.027594 0.053800
3 0.910305 0.582628 0.057359 0.021664
3 0.888953 0.562864 0.055250 0.015633
3 0.620906 0.591059 0.039938 0.019887
5 0.367242 0.378705 0.038641 0.072344
5 0.422531 0.382732 0.050687 0.058582
3 0.481297 0.627722 0.053469 0.065350
