3 0.492875 0.643595 0.016625 0.040579
3 0.380531 0.619793 0.014594 0.011942
3 0.349320 0.639690 0.017547 0.036942
3 0.413328 0.643254 0.018750 0.038409
3 0.394977 0.645682 0.019109 0.037645
3 0.403891 0.620258 0.014688 0.011798
3 0.604359 0.645930 0.017188 0.045041
8 0.321047 0.886643 0.126625 0.194649
3 0.523922 0.644907 0.024813 0.041343
3 0.624023 0.644959 0.017297 0.036612
3 0.369211 0.640888 0.012953 0.032686
3 0.331523 0.633512 0.013609 0.055744
3 0.649719 0.639205 0.022562 0.039070
8 0.649703 0.691012 0.046187 0.061074
8 0.550203 0.694959 0.039219 0.063099
8 0.529375 0.853254 0.072688 0.262335
8 0.430195 0.701560 0.050578 0.072087
8 0.314664 0.710000 0.119828 0.108719
8 0.200930 0.832521 0.147984 0.151033
8 0.701250 0.842862 0.125719 0.246756
8 0.383031 0.628564 0.101781 0.011880
8 0.494625 0.629401 0.067812 0.013264
8 0.650367 0.630599 0.079016 0.015289
3 0.545102 0.645868 0.022234 0.044339
3 0.517188 0.629132 0.328125 0.047521
