3 0.843750 0.866306 0.200969 0.244944
3 0.555547 0.824722 0.107438 0.328111
3 0.027180 0.922472 0.049297 0.132611
3 0.932797 0.798903 0.132125 0.370972
3 0.464539 0.850569 0.127672 0.262917
3 0.782383 0.449500 0.039922 0.066444
3 0.747680 0.791292 0.191234 0.298194
13 0.669180 0.089931 0.092984 0.082139
14 0.124352 0.712931 0.154641 0.211028
14 0.302734 0.629667 0.082156 0.123611
14 0.488414 0.630639 0.119109 0.163722
14 0.617680 0.585931 0.082016 0.137028
14 0.793273 0.549319 0.099016 0.138861
3 0.082992 0.398125 0.063422 0.050194
3 0.320695 0.888306 0.162172 0.197389
3 0.743461 0.467375 0.046578 0.050694
3 0.625578 0.494861 0.060719 0.066833
3 0.240984 0.383097 0.021344 0.026972
14 0.633484 0.401472 0.037937 0.055556
14 0.548883 0.334222 0.027234 0.047222
14 0.397477 0.338528 0.030266 0.040444
14 0.263297 0.417417 0.023156 0.030333
14 0.188781 0.579875 0.101125 0.124361
14 0.052406 0.461319 0.066312 0.092639
14 0.903281 0.528028 0.061531 0.109389
3 0.040656 0.565681 0.033313 0.140306
14 0.941086 0.365431 0.017766 0.039250
13 0.156961 0.436889 0.019641 0.044444
13 0.586188 0.381792 0.024375 0.034139
3 0.500000 0.702778 0.996875 0.444444
14 0.470313 0.565278 0.937500 0.613889
