2 0.787883 0.777529 0.160422 0.152810
2 0.576547 0.700211 0.149750 0.112600
2 0.674586 0.641136 0.133141 0.120960
2 0.924883 0.544356 0.127109 0.075457
2 0.878164 0.655351 0.140172 0.125035
2 0.519328 0.753782 0.147969 0.113560
2 0.739695 0.587002 0.111234 0.099344
2 0.792375 0.539227 0.114219 0.083138
2 0.834422 0.499133 0.109312 0.082108
2 0.404406 0.718642 0.114906 0.113724
2 0.823063 0.707412 0.153188 0.123302
2 0.610523 0.580562 0.084984 0.101030
2 0.711805 0.509485 0.094109 0.083653
2 0.546141 0.613431 0.072969 0.091499
2 0.500000 0.607728 0.996875 0.583138
