3 0.879062 0.982539 0.044917 0.034922
3 0.923333 0.977734 0.047250 0.044531
3 0.985458 0.922375 0.025667 0.030844
3 0.309708 0.925891 0.036333 0.027437
3 0.124229 0.972734 0.049250 0.029844
3 0.405854 0.955094 0.040125 0.023156
3 0.566542 0.937250 0.040000 0.025281
3 0.211135 0.983125 0.069521 0.033750
3 0.452385 0.923586 0.022854 0.029047
3 0.748615 0.979234 0.044062 0.041531
3 0.569531 0.915094 0.031438 0.019406
3 0.511365 0.994164 0.036687 0.011609
3 0.778708 0.945039 0.057292 0.026016
3 0.476042 0.896094 0.760417 0.051562
