5 0.175961 0.564902 0.045391 0.089015
5 0.209844 0.540963 0.039531 0.108709
5 0.028211 0.563512 0.055484 0.249956
5 0.911188 0.718687 0.038125 0.062276
3 0.244492 0.529847 0.025109 0.038862
3 0.315867 0.549759 0.066828 0.078293
5 0.937016 0.722549 0.043781 0.081947
8 0.330320 0.507987 0.030922 0.006039
3 0.329305 0.516127 0.017172 0.023632
3 0.267852 0.544004 0.035109 0.089847
3 0.318586 0.503840 0.013453 0.027856
3 0.341375 0.500711 0.016063 0.012188
3 0.237273 0.547341 0.037078 0.075952
5 0.240281 0.500109 0.019406 0.030066
8 0.284047 0.555700 0.055656 0.062341
5 0.088102 0.551827 0.064203 0.209344
