5 0.955805 0.347820 0.064734 0.275640
13 0.861531 0.377266 0.125875 0.229689
3 0.545406 0.588720 0.053562 0.183322
3 0.483602 0.511194 0.069297 0.068754
3 0.413906 0.611661 0.049875 0.176747
3 0.528297 0.518893 0.024594 0.043322
3 0.406180 0.604550 0.035328 0.078235
3 0.762961 0.568875 0.029766 0.138789
3 0.519852 0.765087 0.130984 0.222699
4 0.168359 0.743547 0.334781 0.493529
3 0.577305 0.522388 0.021234 0.054464
3 0.483430 0.572872 0.007078 0.054464
3 0.602477 0.619291 0.040672 0.152561
8 0.509242 0.624135 0.144953 0.180381
5 0.348602 0.423910 0.027953 0.137232
3 0.512922 0.684325 0.128469 0.136194
