3 0.165672 0.877529 0.220406 0.244941
3 0.440375 0.408689 0.013781 0.023232
3 0.985242 0.647061 0.028859 0.135902
3 0.367078 0.643290 0.133219 0.183255
3 0.265141 0.569016 0.073750 0.099766
3 0.035094 0.727283 0.069625 0.098548
3 0.462937 0.674977 0.083625 0.121897
3 0.408969 0.531546 0.035813 0.038033
3 0.788094 0.577400 0.050750 0.026838
14 0.271109 0.692002 0.146437 0.211124
14 0.516086 0.586136 0.104953 0.099953
14 0.168031 0.599028 0.123406 0.143302
14 0.101953 0.553162 0.099531 0.112600
14 0.055813 0.491850 0.068219 0.072037
14 0.737797 0.646815 0.120719 0.141780
14 0.616938 0.539251 0.068469 0.075504
14 0.844141 0.589930 0.085094 0.108431
14 0.071391 0.520492 0.079219 0.086089
14 0.439695 0.485410 0.047266 0.050492
14 0.923594 0.560000 0.063531 0.068946
3 0.740383 0.830925 0.151641 0.199087
3 0.062516 0.886827 0.125031 0.224754
3 0.856742 0.767529 0.114078 0.270749
14 0.535125 0.515995 0.062719 0.060047
3 0.219156 0.519133 0.022125 0.039391
14 0.486594 0.790995 0.205031 0.297728
3 0.285156 0.451991 0.520312 0.177986
14 0.513281 0.463700 0.945312 0.210773
