8 0.373109 0.875563 0.746219 0.248875
8 0.134594 0.658573 0.269188 0.162521
8 0.497891 0.501292 0.125969 0.035167
3 0.682023 0.702115 0.098859 0.125438
3 0.891430 0.875510 0.051203 0.164604
3 0.418469 0.730063 0.097312 0.076458
3 0.379539 0.660125 0.042922 0.077208
3 0.943461 0.840250 0.113078 0.216750
3 0.432516 0.616219 0.061156 0.142521
3 0.393516 0.610750 0.026094 0.045542
3 0.599625 0.538719 0.045875 0.059979
3 0.899234 0.573937 0.058781 0.048708
3 0.938070 0.538937 0.042516 0.038708
3 0.778031 0.504031 0.040813 0.041271
8 0.408609 0.543250 0.074219 0.027208
8 0.848109 0.554583 0.144625 0.047958
8 0.882469 0.499344 0.172687 0.028146
8 0.665063 0.479896 0.052906 0.024208
8 0.949492 0.482510 0.036516 0.018396
8 0.618242 0.452188 0.046172 0.024167
3 0.852000 0.964031 0.067156 0.066271
8 0.970641 0.739938 0.058719 0.095458
3 0.825484 0.656990 0.038094 0.074146
8 0.677172 0.606677 0.179750 0.072854
8 0.782828 0.531583 0.048500 0.019542
3 0.577344 0.564583 0.842187 0.233333
