3 0.341758 0.216167 0.182859 0.267250
3 0.101672 0.095000 0.085094 0.160167
3 0.566109 0.123333 0.123656 0.057833
3 0.150844 0.084083 0.052969 0.155917
8 0.500000 0.625885 1.000000 0.748229
3 0.178367 0.078250 0.042109 0.143917
3 0.207766 0.072521 0.042938 0.134042
3 0.037750 0.116990 0.075500 0.215063
3 0.078805 0.132365 0.069734 0.128562
3 0.410898 0.091563 0.112891 0.074375
3 0.377758 0.147010 0.141609 0.145854
4 0.378844 0.168844 0.149344 0.192438
3 0.403117 0.052792 0.030297 0.037708
3 0.112039 0.037865 0.031484 0.051854
4 0.340180 0.182938 0.175766 0.195292
