3 0.362178 0.397109 0.201874 0.243938
3 0.364660 0.371938 0.090164 0.217313
3 0.733384 0.320367 0.137166 0.080141
3 0.799778 0.248586 0.087939 0.026203
3 0.661148 0.246188 0.047073 0.033375
3 0.822506 0.228359 0.052178 0.016688
3 0.528103 0.403562 0.228384 0.225781
14 0.512553 0.276531 0.125855 0.055813
3 0.089696 0.327719 0.096393 0.191000
3 0.025410 0.331867 0.043044 0.190516
3 0.821206 0.334984 0.047752 0.132156
3 0.662272 0.354570 0.046511 0.090391
3 0.675293 0.305195 0.065574 0.097516
8 0.764766 0.263734 0.172857 0.016125
8 0.539813 0.405844 0.265995 0.209563
