3 0.295516 0.237221 0.015656 0.040248
3 0.163258 0.229566 0.015953 0.036948
3 0.180586 0.230372 0.016078 0.036625
3 0.205055 0.232804 0.019922 0.039504
3 0.361203 0.242469 0.015094 0.027866
3 0.236156 0.234194 0.013344 0.040695
3 0.250992 0.233734 0.013641 0.051886
3 0.283023 0.237878 0.014609 0.038883
3 0.341086 0.244479 0.022297 0.029305
3 0.194641 0.228251 0.008344 0.023449
3 0.313852 0.240931 0.015922 0.047469
3 0.334492 0.242122 0.017641 0.023846
3 0.221844 0.229404 0.019281 0.030968
3 0.239844 0.234491 0.179688 0.057072
