3 0.898906 0.564953 0.124156 0.315613
3 0.791102 0.547630 0.108453 0.268703
3 0.700914 0.543950 0.064047 0.257335
3 0.623195 0.474670 0.079359 0.126132
3 0.667961 0.415660 0.044953 0.065094
3 0.572773 0.410071 0.042891 0.112217
3 0.452453 0.377005 0.046219 0.063160
3 0.478344 0.485920 0.061406 0.212642
3 0.524813 0.409410 0.030500 0.104575
3 0.248109 0.491745 0.063281 0.184528
3 0.318367 0.510814 0.102859 0.224410
8 0.488664 0.715094 0.920641 0.536038
8 0.362586 0.413267 0.194641 0.077571
8 0.803594 0.552323 0.392813 0.275684
3 0.484695 0.382099 0.038828 0.050236
3 0.189852 0.497205 0.032891 0.195259
