3 0.929406 0.475222 0.100687 0.240984
3 0.973125 0.406651 0.053750 0.124122
3 0.679719 0.364461 0.041156 0.118899
3 0.708852 0.357155 0.032359 0.118197
3 0.911391 0.335304 0.050031 0.063208
8 0.636852 0.317869 0.060141 0.010820
8 0.936203 0.336956 0.064187 0.024356
3 0.907148 0.392670 0.074859 0.150773
3 0.818250 0.363103 0.053219 0.115293
3 0.634195 0.305000 0.025734 0.016136
3 0.835234 0.311686 0.038062 0.060890
8 0.987352 0.379895 0.025203 0.028548
3 0.981094 0.348817 0.037812 0.043770
3 0.819500 0.287822 0.020031 0.018642
3 0.928211 0.290070 0.020484 0.015363
8 0.877172 0.317857 0.085344 0.053560
8 0.839312 0.288806 0.048875 0.010960
8 0.882367 0.290632 0.037703 0.012506
8 0.348398 0.474918 0.339016 0.174660
8 0.466047 0.340433 0.186750 0.132436
