2 0.555240 0.871742 0.125312 0.087422
2 0.838354 0.549578 0.144208 0.141688
2 0.659448 0.931273 0.133938 0.089641
2 0.292135 0.616852 0.254688 0.429203
2 0.165510 0.510227 0.206062 0.094266
2 0.526635 0.764859 0.133396 0.080500
2 0.810385 0.810133 0.081479 0.078359
2 0.784250 0.894281 0.089917 0.081187
2 0.372073 0.487852 0.206479 0.089078
2 0.145740 0.772594 0.112146 0.078250
2 0.219219 0.841828 0.153896 0.094875
2 0.690125 0.772648 0.133917 0.082172
2 0.084115 0.428406 0.159521 0.077063
2 0.498958 0.505469 0.997917 0.985938
