3 0.330469 0.759245 0.164563 0.136496
3 0.071758 0.680470 0.048141 0.065442
3 0.016914 0.700855 0.033797 0.050883
3 0.249344 0.697493 0.070469 0.075214
3 0.384297 0.673533 0.070594 0.058575
3 0.437703 0.664672 0.038062 0.069402
3 0.679047 0.678020 0.031469 0.039345
3 0.559656 0.705228 0.111094 0.072051
3 0.479969 0.645627 0.049906 0.048405
3 0.604961 0.630670 0.039109 0.026239
3 0.729406 0.665769 0.038031 0.046980
3 0.441523 0.762835 0.112078 0.076097
3 0.178203 0.703390 0.084719 0.087635
3 0.351562 0.665242 0.634375 0.190883
