3 0.602852 0.301706 0.094078 0.085088
3 0.507609 0.358051 0.096812 0.038168
3 0.808258 0.307797 0.091328 0.078051
3 0.906094 0.307827 0.104625 0.082008
3 0.891031 0.226491 0.092437 0.081170
3 0.813195 0.225575 0.087234 0.079766
3 0.691117 0.112719 0.118891 0.179513
3 0.484945 0.058489 0.097859 0.083333
3 0.046437 0.306998 0.092188 0.119220
3 0.528937 0.456092 0.087688 0.081345
3 0.170609 0.374600 0.142219 0.152086
3 0.287914 0.118041 0.101891 0.048908
3 0.389797 0.129883 0.099000 0.076686
3 0.500000 0.309942 0.996875 0.573099
