3 0.128633 0.336062 0.072921 0.038219
3 0.200958 0.334156 0.075467 0.037125
3 0.956414 0.514570 0.070678 0.043422
3 0.170257 0.402477 0.063692 0.034859
3 0.148633 0.442258 0.068341 0.042172
3 0.079474 0.443703 0.057593 0.039563
3 0.116519 0.486875 0.080794 0.056781
3 0.105339 0.517258 0.075584 0.041922
3 0.221390 0.439500 0.056612 0.034969
3 0.953224 0.436266 0.074626 0.118250
3 0.258505 0.371969 0.087243 0.039594
3 0.117278 0.370852 0.083481 0.035328
3 0.100047 0.414039 0.063411 0.057297
3 0.498832 0.375000 0.997664 0.584375
