16 0.285234 0.184771 0.463094 0.123042
0 0.565484 0.710792 0.074531 0.107042
0 0.372078 0.325802 0.036906 0.039521
0 0.639844 0.466729 0.061625 0.050875
0 0.761000 0.272469 0.024125 0.074563
0 0.693906 0.279906 0.031938 0.074854
0 0.226703 0.726292 0.096344 0.080542
0 0.781406 0.355906 0.062938 0.083896
0 0.187359 0.379583 0.089406 0.064708
0 0.342516 0.278438 0.038469 0.044750
0 0.696547 0.460760 0.071156 0.060146
8 0.499953 0.141604 0.999906 0.282167
8 0.500000 0.601875 1.000000 0.796250
0 0.428125 0.383333 0.762500 0.287500
