8 0.634875 0.866250 0.663656 0.239292
8 0.821672 0.368646 0.106250 0.013167
3 0.756742 0.427229 0.091672 0.173125
3 0.887297 0.432958 0.102250 0.176167
3 0.889875 0.352260 0.045844 0.025062
3 0.206055 0.698177 0.178828 0.443146
3 0.328328 0.395125 0.048406 0.120042
3 0.173859 0.485385 0.109219 0.258604
3 0.270391 0.367490 0.046938 0.073229
3 0.638867 0.336344 0.026297 0.024396
3 0.057305 0.524594 0.114609 0.290146
3 0.090914 0.374219 0.035703 0.065396
3 0.228539 0.409375 0.073984 0.154792
3 0.366727 0.386177 0.052266 0.066479
8 0.304445 0.405656 0.092766 0.100563
8 0.096109 0.412833 0.029250 0.016250
3 0.747914 0.354583 0.043359 0.042458
3 0.616406 0.383333 0.085938 0.125000
