0 0.808742 0.571846 0.097516 0.151192
0 0.759836 0.648023 0.114672 0.071977
0 0.745547 0.534128 0.097375 0.164709
0 0.761367 0.704331 0.118328 0.091919
0 0.905297 0.646715 0.097156 0.068081
0 0.664180 0.225378 0.054891 0.075000
0 0.746148 0.050625 0.028109 0.058983
0 0.861141 0.728866 0.094625 0.068081
0 0.730914 0.442718 0.060078 0.079157
0 0.770273 0.583038 0.062203 0.075843
0 0.686359 0.311424 0.035781 0.161802
0 0.654375 0.318445 0.033656 0.127645
8 0.520484 0.871744 0.959031 0.256512
0 0.865148 0.110276 0.031172 0.174041
0 0.788281 0.428779 0.420312 0.851744
