2 0.756700 0.606293 0.100200 0.090347
2 0.789280 0.510760 0.092440 0.057733
2 0.822160 0.456613 0.085720 0.088213
2 0.860770 0.375307 0.084540 0.077067
2 0.903430 0.255560 0.075780 0.059440
2 0.659890 0.564733 0.089260 0.088080
2 0.557020 0.534840 0.079200 0.076400
2 0.272230 0.413827 0.064900 0.053253
2 0.385200 0.198693 0.058200 0.044640
2 0.693980 0.493840 0.086920 0.088107
2 0.827030 0.245507 0.084740 0.075333
2 0.369490 0.298227 0.064460 0.060027
2 0.733440 0.421213 0.081920 0.085360
2 0.879130 0.306187 0.080140 0.069600
2 0.416000 0.321333 0.832000 0.472000
