3 0.267906 0.064373 0.088281 0.046713
3 0.360945 0.063287 0.093797 0.041594
3 0.179883 0.061185 0.087578 0.040657
3 0.086750 0.058775 0.092688 0.042171
3 0.191523 0.024412 0.087703 0.045558
3 0.279141 0.026195 0.092531 0.052390
3 0.584125 0.042709 0.101031 0.085418
3 0.909430 0.069711 0.086078 0.042689
3 0.745453 0.030010 0.082437 0.050777
3 0.101648 0.028775 0.090391 0.053845
3 0.827063 0.070149 0.081500 0.044522
3 0.668227 0.067689 0.069984 0.036653
3 0.909531 0.032958 0.086938 0.050418
3 0.499219 0.049801 0.998437 0.099602
