2 0.325258 0.748979 0.046141 0.042917
2 0.360984 0.768313 0.049188 0.045292
2 0.419172 0.777958 0.051562 0.040583
2 0.452617 0.742958 0.024703 0.026292
2 0.346164 0.649573 0.025172 0.030479
2 0.316281 0.642396 0.047313 0.029333
2 0.389742 0.816760 0.060484 0.043479
2 0.367367 0.859687 0.060391 0.049042
2 0.320641 0.680573 0.030312 0.031563
2 0.338625 0.617531 0.034437 0.029604
2 0.361695 0.624521 0.026984 0.024208
8 0.502523 0.791479 0.994953 0.390125
2 0.441094 0.641917 0.041969 0.029625
2 0.413078 0.639990 0.023656 0.020646
2 0.628125 0.369792 0.668750 0.256250
