3 0.929773 0.855490 0.140453 0.247188
3 0.737711 0.727260 0.069547 0.132479
8 0.525844 0.874156 0.771906 0.220229
1 0.620367 0.619354 0.033922 0.018542
1 0.460062 0.441844 0.036719 0.026812
1 0.500867 0.819240 0.073391 0.024229
1 0.800648 0.962333 0.077922 0.038958
3 0.726227 0.607260 0.062766 0.126688
3 0.965219 0.553875 0.036531 0.059417
3 0.685516 0.560885 0.046437 0.087271
1 0.441953 0.828615 0.028844 0.020479
1 0.560719 0.817250 0.028344 0.018167
1 0.406859 0.433750 0.012375 0.006125
1 0.764367 0.435208 0.018328 0.022583
1 0.490180 0.839823 0.032859 0.016271
1 0.448648 0.813333 0.011609 0.009958
