8 0.500000 0.500777 1.000000 0.998446
2 0.396031 0.708309 0.183219 0.218542
2 0.587547 0.388277 0.190719 0.190433
2 0.891898 0.369087 0.176828 0.156859
2 0.711617 0.490905 0.167141 0.171426
2 0.559195 0.598894 0.189922 0.196699
2 0.353555 0.367941 0.166109 0.144343
2 0.489844 0.282171 0.158031 0.144343
2 0.289430 0.580136 0.183516 0.174824
2 0.191266 0.463518 0.180031 0.181875
2 0.102305 0.374615 0.169234 0.165801
2 0.245977 0.289575 0.152391 0.167452
2 0.438773 0.484503 0.171891 0.158109
2 0.706219 0.297123 0.178500 0.163413
2 0.499219 0.159455 0.407813 0.209936
