3 0.546852 0.828667 0.182766 0.323278
8 0.719398 0.800000 0.547141 0.371745
3 0.513437 0.798573 0.154219 0.332571
3 0.439617 0.741368 0.032484 0.278396
3 0.686922 0.615342 0.054156 0.064080
3 0.826930 0.686132 0.095078 0.150943
3 0.732812 0.632783 0.050313 0.085802
3 0.323641 0.626156 0.116000 0.111509
5 0.117422 0.728950 0.076969 0.124552
5 0.826648 0.587111 0.028984 0.056250
3 0.932477 0.720920 0.131703 0.193632
3 0.407313 0.646073 0.146156 0.130873
5 0.634289 0.639104 0.128828 0.249858
5 0.597195 0.479068 0.076859 0.108703
4 0.045773 0.697925 0.082109 0.060708
