2 0.770633 0.749438 0.089328 0.066745
2 0.602344 0.772190 0.111625 0.091920
2 0.384859 0.825925 0.114437 0.098923
2 0.430438 0.734438 0.123562 0.094871
2 0.293125 0.806909 0.103406 0.109649
2 0.251180 0.930433 0.201016 0.094169
2 0.049023 0.870304 0.098047 0.117143
2 0.816422 0.741557 0.057688 0.058712
2 0.842391 0.730913 0.068312 0.073396
2 0.807305 0.803677 0.084734 0.058454
2 0.580297 0.798689 0.088750 0.083138
2 0.905945 0.748618 0.048047 0.057611
2 0.324234 0.736745 0.097125 0.102155
2 0.500000 0.810304 0.996875 0.374707
