8 0.500000 0.500000 1.000000 1.000000
0 0.707977 0.749771 0.063422 0.077083
0 0.497258 0.639563 0.047172 0.046542
0 0.711883 0.861677 0.042734 0.041271
0 0.585109 0.607844 0.025406 0.038354
0 0.612062 0.611208 0.026406 0.050292
0 0.461086 0.861031 0.022797 0.029104
0 0.553813 0.745531 0.042656 0.035771
0 0.592703 0.588990 0.025312 0.032979
0 0.395492 0.628729 0.038609 0.044000
0 0.500914 0.748417 0.033922 0.052917
0 0.557562 0.863042 0.052375 0.060208
0 0.373711 0.773802 0.031828 0.047063
0 0.400016 0.659146 0.026500 0.026000
