14 0.825150 0.432267 0.028780 0.033387
3 0.803170 0.611613 0.103100 0.220347
3 0.877360 0.523640 0.076360 0.142800
3 0.915350 0.494160 0.060700 0.114027
3 0.664230 0.533200 0.068780 0.140107
3 0.640120 0.445573 0.029080 0.069013
3 0.703920 0.557693 0.087080 0.167653
3 0.657010 0.431413 0.032660 0.042613
3 0.819170 0.587867 0.095060 0.185707
3 0.431060 0.476627 0.043360 0.092293
3 0.925980 0.484587 0.056280 0.101867
3 0.930460 0.476427 0.056280 0.090027
3 0.941850 0.468680 0.054460 0.085040
3 0.677000 0.528000 0.514000 0.272000
