3 0.361539 0.182833 0.006234 0.011875
3 0.362391 0.118677 0.010281 0.010271
3 0.367977 0.126802 0.006641 0.004646
3 0.351172 0.131187 0.008937 0.006833
3 0.341180 0.131156 0.009984 0.005979
3 0.394961 0.117438 0.011422 0.009167
3 0.356102 0.121104 0.009672 0.007083
3 0.442648 0.116302 0.006672 0.006771
3 0.445406 0.131823 0.009813 0.006562
3 0.210797 0.112198 0.008719 0.009312
3 0.230211 0.110656 0.008859 0.005854
3 0.330844 0.116521 0.008344 0.006000
3 0.275391 0.125427 0.011938 0.006521
3 0.499219 0.122917 0.998437 0.241667
