0 0.848255 0.898672 0.139555 0.041125
0 0.094251 0.476539 0.054309 0.025984
0 0.139684 0.486070 0.051499 0.033703
0 0.071148 0.511211 0.090492 0.036484
0 0.107037 0.478664 0.060023 0.035047
0 0.119016 0.634734 0.054286 0.025125
0 0.931464 0.846031 0.077916 0.019125
0 0.944016 0.820883 0.111967 0.019172
0 0.418044 0.866961 0.157119 0.135672
0 0.846874 0.882281 0.256698 0.069875
0 0.403361 0.946898 0.104895 0.040797
0 0.677600 0.986242 0.066019 0.027516
0 0.947365 0.835344 0.105269 0.020344
0 0.218970 0.703906 0.437939 0.473438
