3 0.647039 0.112979 0.050234 0.035250
3 0.590852 0.115135 0.059766 0.033563
3 0.619750 0.089448 0.048656 0.071438
3 0.670984 0.074052 0.048719 0.039146
3 0.733945 0.069375 0.049859 0.035542
3 0.791227 0.159604 0.048797 0.035625
3 0.834391 0.077073 0.052062 0.061021
3 0.129195 0.277625 0.053703 0.049208
3 0.776516 0.300698 0.055063 0.110104
3 0.638391 0.036021 0.057688 0.052208
3 0.688328 0.051573 0.047438 0.080021
3 0.455539 0.476719 0.035234 0.040271
3 0.804828 0.025292 0.045437 0.027667
3 0.500000 0.263542 0.996875 0.527083
