2 0.453547 0.456083 0.261813 0.322083
2 0.345570 0.332562 0.257922 0.340958
2 0.909250 0.421333 0.140031 0.249125
2 0.598320 0.288385 0.212359 0.325854
2 0.834078 0.605427 0.180438 0.273062
2 0.847750 0.867417 0.195500 0.242708
2 0.339609 0.662542 0.227531 0.305625
2 0.719180 0.465573 0.253203 0.345146
2 0.802305 0.315229 0.165047 0.246500
2 0.588281 0.636979 0.239063 0.309375
2 0.692695 0.146073 0.208984 0.287646
2 0.876406 0.173385 0.163375 0.256563
2 0.148438 0.658865 0.199219 0.263021
2 0.500000 0.498958 0.996875 0.997917
