3 0.811109 0.358103 0.042281 0.035504
3 0.124578 0.385293 0.038937 0.040749
3 0.777844 0.524403 0.040031 0.035504
3 0.732703 0.525457 0.051406 0.042998
3 0.784555 0.486522 0.042609 0.029157
3 0.830914 0.508525 0.050859 0.079204
3 0.837953 0.464766 0.042000 0.027611
3 0.657773 0.441721 0.039578 0.039836
3 0.739961 0.486698 0.041953 0.041920
3 0.701805 0.461569 0.044297 0.057658
3 0.227203 0.471745 0.038906 0.040117
3 0.791562 0.466112 0.043000 0.035035
3 0.708523 0.430644 0.043547 0.032998
3 0.473438 0.426230 0.946875 0.266979
