5 0.183688 0.557805 0.057750 0.089038
5 0.950977 0.438204 0.098047 0.157300
4 0.247289 0.749671 0.400516 0.406854
3 0.578547 0.662113 0.112156 0.290188
3 0.756109 0.587582 0.054219 0.188216
3 0.697438 0.620117 0.058219 0.260516
3 0.844555 0.820423 0.292016 0.333333
8 0.593750 0.645775 0.231250 0.255869
3 0.508852 0.515915 0.027297 0.098545
3 0.601570 0.502089 0.060141 0.050329
5 0.418547 0.413286 0.040188 0.111455
6 0.859156 0.636866 0.146469 0.247817
13 0.954937 0.580141 0.044875 0.189624
4 0.847687 0.824261 0.285031 0.316831
