3 0.854617 0.185260 0.199578 0.270396
3 0.166758 0.852250 0.333516 0.295500
3 0.823992 0.055750 0.151359 0.111500
8 0.755883 0.584708 0.488234 0.760000
8 0.265328 0.538917 0.527125 0.325458
8 0.118938 0.141854 0.237875 0.225292
2 0.757844 0.702781 0.091281 0.037979
2 0.761750 0.650479 0.080875 0.079417
2 0.681359 0.652250 0.095125 0.085000
2 0.600555 0.581312 0.083266 0.076083
2 0.592836 0.632604 0.082516 0.069125
2 0.839547 0.645583 0.084719 0.082458
2 0.678703 0.586896 0.077312 0.063125
2 0.757633 0.585542 0.086547 0.063917
2 0.666188 0.690167 0.079219 0.032958
2 0.580688 0.678479 0.084937 0.041292
2 0.835109 0.598115 0.082406 0.067104
2 0.847641 0.704406 0.078312 0.035062
3 0.037727 0.277240 0.071797 0.211188
3 0.944836 0.420927 0.110328 0.217146
15 0.808188 0.228937 0.065469 0.031750
