2 0.352094 0.654844 0.086781 0.040438
2 0.571711 0.528094 0.071141 0.041937
2 0.365039 0.704542 0.093141 0.049167
2 0.296453 0.745490 0.099656 0.063062
2 0.240148 0.659760 0.086609 0.043312
2 0.190656 0.705292 0.095844 0.051917
2 0.203930 0.876031 0.138203 0.089896
2 0.672000 0.503073 0.064344 0.044646
2 0.374977 0.775969 0.109109 0.066521
2 0.517750 0.522229 0.063219 0.043042
2 0.423977 0.725396 0.097891 0.058500
2 0.630070 0.584615 0.082203 0.061437
2 0.320055 0.834531 0.121422 0.079354
2 0.880711 0.493708 0.042359 0.026875
2 0.971859 0.463708 0.047500 0.019167
2 0.147555 0.843250 0.081828 0.080958
2 0.521094 0.615625 0.954688 0.381250
