5 0.785859 0.712248 0.190562 0.279766
8 0.738391 0.795937 0.523219 0.343817
13 0.338094 0.373782 0.052469 0.069672
8 0.234633 0.509239 0.029672 0.053841
3 0.510445 0.616604 0.066016 0.057752
3 0.894039 0.699637 0.102609 0.087049
3 0.700523 0.634660 0.050672 0.043981
3 0.975953 0.729239 0.048094 0.078431
3 0.860164 0.930761 0.167797 0.138478
3 0.260313 0.526745 0.010937 0.068150
3 0.224023 0.535199 0.011922 0.071475
3 0.681570 0.865129 0.164641 0.269040
3 0.537484 0.812482 0.103344 0.300422
3 0.849281 0.647998 0.041188 0.034590
3 0.247828 0.539660 0.031469 0.044895
