5 0.286781 0.445886 0.031062 0.039574
5 0.338625 0.444070 0.030062 0.056211
5 0.814063 0.474215 0.040625 0.078475
5 0.644805 0.480460 0.030422 0.045673
5 0.447305 0.457433 0.035172 0.041637
8 0.933984 0.454148 0.132031 0.021256
8 0.904992 0.423845 0.101891 0.011099
8 0.838039 0.447175 0.122359 0.022377
8 0.752094 0.499473 0.146812 0.119170
8 0.651930 0.478464 0.115766 0.110381
8 0.655180 0.434675 0.684266 0.019484
3 0.590000 0.472836 0.038406 0.093027
8 0.790703 0.421222 0.093750 0.012354
8 0.594852 0.426973 0.077203 0.025561
8 0.976820 0.425987 0.045734 0.006009
8 0.349219 0.429372 0.085938 0.033632
