3 0.240820 0.524880 0.052880 0.107297
3 0.629720 0.848544 0.072680 0.150060
3 0.480920 0.792057 0.104320 0.096547
3 0.232020 0.724730 0.117440 0.098949
3 0.325100 0.506471 0.038760 0.084054
8 0.651320 0.594805 0.178880 0.079820
14 0.253350 0.586426 0.116460 0.135556
14 0.438240 0.886577 0.308200 0.189610
14 0.589090 0.654039 0.123900 0.150841
14 0.979430 0.546006 0.040380 0.154535
14 0.919800 0.938198 0.160400 0.092132
3 0.959380 0.652102 0.081240 0.171111
3 0.328740 0.776291 0.232320 0.115045
3 0.040080 0.698408 0.080160 0.218318
