13 0.568750 0.377841 0.057813 0.136364
3 0.180859 0.743864 0.064844 0.343750
3 0.088461 0.810682 0.094859 0.329432
3 0.245883 0.738580 0.069109 0.369886
3 0.307352 0.674830 0.041828 0.292386
3 0.243961 0.548750 0.023641 0.038636
3 0.039008 0.893437 0.078016 0.213125
4 0.928352 0.795852 0.143297 0.398750
14 0.610148 0.799716 0.040078 0.093295
3 0.553375 0.655597 0.084531 0.335398
3 0.443695 0.736648 0.108328 0.439091
3 0.196000 0.561903 0.031875 0.047443
3 0.298953 0.584574 0.028937 0.132898
5 0.653547 0.468381 0.024594 0.268466
8 0.229852 0.592358 0.135297 0.106534
8 0.565250 0.873466 0.301281 0.252386
