0 0.446671 0.730620 0.115780 0.079600
0 0.172866 0.267510 0.041829 0.033500
0 0.792207 0.492790 0.037293 0.036540
0 0.678244 0.435740 0.063415 0.026320
0 0.722622 0.437010 0.040024 0.020900
0 0.201329 0.317970 0.062610 0.056700
0 0.349610 0.328900 0.042976 0.028560
0 0.410037 0.295390 0.037829 0.031020
0 0.219573 0.528920 0.054220 0.048800
0 0.154805 0.470710 0.047951 0.044220
0 0.573549 0.765050 0.046024 0.040220
0 0.716000 0.301560 0.034537 0.035000
0 0.771366 0.433390 0.033220 0.021100
0 0.590244 0.475000 0.239024 0.426000
