3 0.307734 0.663552 0.130344 0.235313
3 0.264242 0.725406 0.120297 0.263229
3 0.373859 0.608135 0.042625 0.161896
3 0.398312 0.587969 0.046031 0.166146
3 0.581383 0.829073 0.192953 0.315437
3 0.648969 0.555135 0.104031 0.108979
3 0.613508 0.472365 0.046047 0.087729
8 0.745641 0.713865 0.254719 0.175604
8 0.292594 0.551448 0.205156 0.089687
8 0.739844 0.515240 0.115125 0.060937
8 0.231523 0.623281 0.070609 0.050687
8 0.739047 0.456177 0.096062 0.053937
8 0.749156 0.593469 0.157094 0.099104
8 0.364641 0.481927 0.100188 0.049063
8 0.549859 0.452813 0.073844 0.058792
8 0.247133 0.480615 0.118766 0.059813
3 0.666445 0.485073 0.052328 0.052646
3 0.647086 0.509875 0.069609 0.054375
3 0.674188 0.444156 0.034094 0.038646
3 0.605492 0.680917 0.084266 0.135958
3 0.326602 0.497729 0.077359 0.040208
8 0.312602 0.446740 0.051047 0.021688
8 0.391414 0.444365 0.042953 0.018437
8 0.021031 0.720812 0.042063 0.133042
3 0.213000 0.549667 0.039563 0.041375
3 0.460938 0.485417 0.471875 0.125000
