13 0.727383 0.538552 0.089047 0.096812
8 0.035547 0.692792 0.071094 0.035750
8 0.820820 0.800792 0.358359 0.370208
3 0.601781 0.782896 0.116219 0.238708
3 0.455297 0.752948 0.096469 0.238104
3 0.870508 0.855063 0.207297 0.262917
3 0.886641 0.766292 0.054375 0.156292
16 0.162391 0.630750 0.034594 0.026292
3 0.816250 0.683927 0.035781 0.115937
3 0.728344 0.759542 0.131469 0.312750
3 0.294883 0.749885 0.087328 0.222729
3 0.847672 0.717354 0.046437 0.136500
3 0.228531 0.640177 0.050594 0.081646
3 0.984094 0.912990 0.031813 0.122063
8 0.361969 0.704010 0.325250 0.054562
8 0.616961 0.731125 0.179016 0.043250
