15 0.196797 0.800635 0.115906 0.101729
15 0.238664 0.538469 0.060484 0.086854
15 0.229172 0.392021 0.083719 0.056333
15 0.886875 0.553490 0.093406 0.054854
15 0.900305 0.624229 0.063891 0.087125
15 0.948359 0.727000 0.103281 0.100875
15 0.966945 0.879917 0.066078 0.111292
15 0.919383 0.196052 0.060453 0.033688
15 0.834359 0.172260 0.060562 0.031979
15 0.945031 0.219813 0.070156 0.034875
3 0.965508 0.132333 0.068984 0.152917
15 0.749383 0.175396 0.063953 0.032208
15 0.685602 0.174896 0.065547 0.029125
