0 0.435430 0.533995 0.074422 0.094346
0 0.541766 0.871916 0.100687 0.094393
0 0.541172 0.553037 0.078719 0.081168
0 0.530930 0.609100 0.040172 0.055444
0 0.612266 0.705806 0.091500 0.116752
0 0.688125 0.395853 0.088313 0.094883
0 0.591500 0.390888 0.070094 0.101963
0 0.728984 0.551694 0.073563 0.066238
0 0.868625 0.678657 0.084156 0.094369
0 0.455922 0.633925 0.093844 0.089299
0 0.694922 0.864439 0.165031 0.116542
0 0.548969 0.799100 0.094937 0.094650
8 0.498523 0.493505 0.993578 0.981822
0 0.459086 0.516110 0.167109 0.218388
0 0.528906 0.655374 0.235937 0.128505
