3 0.248391 0.441937 0.112906 0.238708
3 0.072453 0.448146 0.144906 0.221083
3 0.194789 0.395948 0.102359 0.185229
3 0.310961 0.372573 0.074578 0.165104
3 0.848391 0.650542 0.154844 0.372042
3 0.904406 0.380240 0.034875 0.091312
3 0.725664 0.337698 0.037516 0.067937
3 0.976977 0.337969 0.044141 0.033646
8 0.891852 0.483583 0.216297 0.150542
8 0.322148 0.806594 0.644297 0.386812
8 0.135070 0.346969 0.236578 0.076062
14 0.303312 0.647437 0.246219 0.181042
3 0.857500 0.325625 0.076187 0.142208
3 0.710617 0.278479 0.054234 0.069375
3 0.947086 0.416844 0.105828 0.051813
3 0.349500 0.489156 0.037125 0.229521
8 0.949898 0.370323 0.100203 0.057104
3 0.951164 0.696833 0.097641 0.256375
