3 0.270656 0.445052 0.099219 0.080235
8 0.306781 0.540809 0.162125 0.192637
8 0.355695 0.759556 0.695266 0.449452
8 0.307758 0.421423 0.162359 0.063420
0 0.326328 0.895313 0.073375 0.029426
8 0.038031 0.618381 0.074875 0.082820
3 0.229805 0.394452 0.024828 0.019138
3 0.342102 0.426527 0.053328 0.053107
3 0.293789 0.580157 0.121922 0.143290
3 0.363141 0.552637 0.059500 0.118433
5 0.169484 0.787480 0.192938 0.375692
5 0.494680 0.584726 0.105328 0.169713
0 0.362898 0.783486 0.012891 0.015170
0 0.337445 0.876240 0.058891 0.028877
0 0.393797 0.726005 0.033281 0.017702
0 0.395250 0.707102 0.047000 0.008982
0 0.345242 0.833721 0.017391 0.027337
