8 0.637414 0.824490 0.330141 0.327313
8 0.530055 0.601125 0.180328 0.146083
8 0.057320 0.690323 0.114641 0.204188
8 0.943164 0.496948 0.082016 0.101729
3 0.761102 0.766937 0.216828 0.336542
3 0.467695 0.819104 0.254484 0.361792
3 0.672461 0.595521 0.094766 0.184458
3 0.559031 0.582781 0.068437 0.175604
3 0.452250 0.604896 0.127562 0.166875
3 0.345461 0.611542 0.097172 0.198917
3 0.144648 0.661302 0.156641 0.248146
3 0.895977 0.497063 0.069328 0.098667
3 0.071313 0.647813 0.141594 0.234750
3 0.720500 0.497135 0.045344 0.096896
3 0.979781 0.707115 0.039625 0.260396
3 0.540266 0.498031 0.052594 0.087271
8 0.718547 0.467417 0.073063 0.011042
3 0.990961 0.488448 0.018047 0.091771
5 0.194070 0.474729 0.142797 0.275708
3 0.688281 0.483333 0.351562 0.112500
