3 0.724281 0.499473 0.017094 0.021991
3 0.764344 0.493115 0.020531 0.018173
3 0.861227 0.491487 0.020891 0.015667
3 0.664633 0.546792 0.018953 0.013115
3 0.699187 0.528700 0.021531 0.020539
3 0.922875 0.511077 0.018937 0.020141
3 0.959586 0.533700 0.023016 0.027869
3 0.926156 0.549637 0.026125 0.016230
3 0.950047 0.493349 0.027250 0.019578
3 0.885180 0.492260 0.025328 0.020023
3 0.875492 0.510972 0.027578 0.021663
3 0.866273 0.530094 0.026391 0.023185
3 0.718500 0.532178 0.020250 0.024731
3 0.781250 0.535129 0.434375 0.124122
