8 0.500560 0.494373 0.997760 0.984267
0 0.517310 0.694053 0.079300 0.028640
0 0.481100 0.514387 0.131680 0.077947
0 0.602360 0.765227 0.136320 0.132427
0 0.521560 0.765120 0.048480 0.092587
0 0.525130 0.454240 0.176980 0.116427
0 0.577940 0.629400 0.072360 0.129413
0 0.551910 0.715053 0.175940 0.048613
0 0.571630 0.764787 0.143780 0.133307
0 0.658310 0.787187 0.121180 0.171653
0 0.633120 0.892200 0.144160 0.153253
0 0.471420 0.793507 0.097400 0.127280
0 0.563230 0.852947 0.031620 0.070533
0 0.541890 0.396173 0.155420 0.055920
0 0.613000 0.429333 0.286000 0.821333
