3 0.559289 0.411651 0.025453 0.046393
3 0.388109 0.266253 0.025781 0.043138
3 0.358148 0.256616 0.021766 0.022787
3 0.364789 0.241956 0.024922 0.029251
3 0.339922 0.243677 0.015688 0.031148
3 0.456062 0.227939 0.025750 0.029696
3 0.478117 0.248794 0.022766 0.021054
3 0.633141 0.201487 0.022844 0.019555
3 0.372266 0.284438 0.025562 0.016604
3 0.346195 0.268033 0.022703 0.021265
3 0.379094 0.274239 0.023875 0.034988
3 0.467750 0.294438 0.029625 0.040445
3 0.342797 0.229590 0.020719 0.028220
3 0.517188 0.314988 0.790625 0.292740
