3 0.277414 0.707937 0.023234 0.062583
8 0.375203 0.702437 0.030844 0.028208
8 0.506203 0.687510 0.043031 0.047562
8 0.550984 0.664240 0.018219 0.016313
3 0.632812 0.647969 0.016250 0.004771
3 0.663117 0.661552 0.015484 0.025438
5 0.444742 0.660635 0.082797 0.156646
5 0.537297 0.690625 0.033844 0.044833
5 0.604305 0.677719 0.026953 0.034188
5 0.582055 0.674531 0.015422 0.015437
5 0.464453 0.708052 0.035969 0.045562
5 0.561305 0.685906 0.025484 0.042312
5 0.355055 0.725177 0.044047 0.055896
5 0.707578 0.636427 0.043469 0.086479
8 0.453070 0.674240 0.037297 0.021062
8 0.683453 0.642969 0.012281 0.009937
8 0.701328 0.639365 0.010719 0.004146
3 0.302578 0.711281 0.029719 0.067604
3 0.337203 0.693260 0.015969 0.024896
3 0.284430 0.715406 0.001359 0.017771
3 0.513375 0.686427 0.032375 0.053562
3 0.577969 0.662073 0.013250 0.022812
3 0.405938 0.688823 0.022719 0.020979
3 0.646477 0.660052 0.013516 0.034771
3 0.510930 0.662417 0.013359 0.011708
3 0.435406 0.681781 0.011062 0.017521
8 0.592187 0.662125 0.015688 0.015458
8 0.626648 0.652062 0.013609 0.006792
