2 0.829199 0.731766 0.124748 0.054906
2 0.743101 0.704289 0.125490 0.042734
2 0.678917 0.683703 0.117537 0.047406
2 0.570089 0.696984 0.111751 0.047969
2 0.536409 0.742469 0.115371 0.048281
2 0.479332 0.625047 0.096825 0.040656
2 0.385104 0.628508 0.094303 0.037109
2 0.576543 0.614625 0.107864 0.032219
2 0.616736 0.631914 0.095786 0.029609
2 0.653605 0.641672 0.097953 0.023219
2 0.714258 0.743391 0.123234 0.042188
2 0.528887 0.595297 0.087329 0.027250
8 0.586409 0.718570 0.827181 0.562859
2 0.551083 0.652891 0.101217 0.018969
2 0.614243 0.711719 0.456973 0.235937
