0 0.300719 0.162805 0.055906 0.088239
0 0.394023 0.212805 0.052734 0.090164
0 0.667258 0.544988 0.049109 0.104812
0 0.298195 0.637911 0.057953 0.073380
0 0.828047 0.546526 0.069469 0.051362
0 0.707313 0.290106 0.074875 0.079225
0 0.180906 0.393357 0.109531 0.144554
0 0.344031 0.262923 0.068812 0.107864
0 0.207367 0.272019 0.063953 0.094413
0 0.420148 0.147923 0.064453 0.066455
0 0.728727 0.894812 0.070891 0.054554
0 0.278305 0.257958 0.057922 0.052629
0 0.362492 0.622770 0.051328 0.112160
0 0.568750 0.482394 0.859375 0.734742
