2 0.420203 0.796593 0.189281 0.223316
2 0.763547 0.854726 0.214312 0.270287
2 0.938047 0.768016 0.123906 0.195927
2 0.971094 0.585875 0.057813 0.116240
2 0.789406 0.637076 0.158688 0.150548
2 0.453250 0.632755 0.137313 0.145770
2 0.216594 0.695548 0.162437 0.180966
2 0.664406 0.548185 0.115406 0.120392
2 0.499594 0.566723 0.119687 0.105614
2 0.545992 0.475718 0.086078 0.085379
2 0.930547 0.508747 0.103469 0.099948
2 0.586305 0.397050 0.074922 0.061305
3 0.900766 0.393668 0.198469 0.113185
2 0.648516 0.381789 0.065625 0.051358
8 0.500773 0.629869 0.998453 0.714308
2 0.716406 0.471279 0.429688 0.216710
