13 0.714740 0.503293 0.109960 0.098743
13 0.903970 0.494760 0.139900 0.132216
3 0.123210 0.620719 0.075940 0.102275
3 0.219430 0.594775 0.073180 0.045359
4 0.621410 0.759865 0.322540 0.285419
4 0.335280 0.653713 0.295600 0.151916
8 0.126230 0.569476 0.239900 0.131467
8 0.237250 0.570434 0.193740 0.034042
5 0.468680 0.615554 0.060960 0.093982
3 0.335380 0.580210 0.037520 0.036048
3 0.350120 0.567485 0.025200 0.038862
3 0.201710 0.558114 0.040220 0.014491
3 0.147340 0.594476 0.045400 0.076856
3 0.285350 0.587081 0.043500 0.039192
