2 0.284648 0.491437 0.090984 0.142083
2 0.056461 0.333708 0.109547 0.110125
2 0.218891 0.251021 0.070094 0.087000
2 0.882586 0.829208 0.234828 0.328083
2 0.585883 0.224125 0.098266 0.080625
2 0.700656 0.302271 0.068281 0.084542
2 0.761094 0.346229 0.095656 0.093542
2 0.665555 0.274500 0.067578 0.071625
2 0.707023 0.539323 0.190453 0.184271
2 0.843219 0.299604 0.106219 0.117625
2 0.539023 0.623615 0.171547 0.222146
2 0.682516 0.638854 0.101750 0.127750
2 0.815289 0.392094 0.102609 0.088188
2 0.577344 0.418750 0.842187 0.837500
