0 0.841890 0.761414 0.129225 0.038734
0 0.936244 0.652086 0.127512 0.073984
0 0.654918 0.580008 0.137723 0.059953
0 0.072958 0.902141 0.105869 0.019688
0 0.310563 0.639164 0.090845 0.020016
0 0.323908 0.558133 0.063779 0.010078
0 0.364085 0.485797 0.100751 0.031000
0 0.765939 0.790898 0.134366 0.030859
0 0.347969 0.667055 0.080023 0.050453
0 0.612336 0.594453 0.025188 0.011000
0 0.887312 0.538266 0.156784 0.057437
0 0.600305 0.505656 0.113099 0.040844
0 0.712042 0.424609 0.052676 0.023125
0 0.456573 0.664062 0.856808 0.668750
