2 0.670828 0.641690 0.069969 0.088415
2 0.697023 0.726900 0.084078 0.105874
2 0.246117 0.835746 0.089359 0.121888
2 0.250430 0.740210 0.091641 0.100000
2 0.263008 0.657821 0.074078 0.091445
2 0.265992 0.586224 0.069984 0.080047
2 0.416695 0.639207 0.063297 0.092494
8 0.722047 0.717110 0.451375 0.565781
2 0.363883 0.301294 0.059203 0.051958
2 0.362875 0.379522 0.056937 0.061888
2 0.170867 0.647739 0.073234 0.094918
2 0.297727 0.476608 0.066328 0.092984
2 0.302484 0.413916 0.055500 0.052075
2 0.304672 0.334790 0.050875 0.054196
2 0.579688 0.350816 0.837500 0.701632
