3 0.239328 0.271906 0.079937 0.047146
3 0.183367 0.258531 0.071484 0.080979
3 0.081563 0.293385 0.081812 0.133229
3 0.184500 0.345823 0.111750 0.091687
3 0.261328 0.244937 0.044312 0.053917
3 0.354133 0.252490 0.048703 0.029521
8 0.276406 0.771917 0.546063 0.429208
1 0.617695 0.753937 0.139891 0.101125
1 0.303242 0.750062 0.358359 0.263875
1 0.671445 0.818490 0.291359 0.250021
1 0.359414 0.567427 0.070453 0.068938
1 0.488641 0.982260 0.130406 0.035479
3 0.153258 0.301958 0.087422 0.122083
8 0.104773 0.412250 0.157641 0.103542
8 0.280430 0.277823 0.133703 0.070854
8 0.796484 0.249417 0.056813 0.063500
8 0.050414 0.309677 0.086234 0.106396
3 0.982086 0.334573 0.035828 0.168771
3 0.827266 0.286333 0.062781 0.101417
3 0.858180 0.313802 0.046984 0.127396
3 0.018750 0.305208 0.034375 0.122917
