3 0.045727 0.227869 0.056984 0.032927
3 0.187914 0.283735 0.064234 0.082646
3 0.131117 0.157518 0.069609 0.098829
3 0.066219 0.160738 0.068625 0.099508
3 0.799430 0.208817 0.055953 0.027283
3 0.108039 0.229110 0.059047 0.042061
3 0.028437 0.078630 0.056875 0.072342
3 0.174375 0.245749 0.059156 0.083396
3 0.077867 0.033232 0.056891 0.042623
3 0.012391 0.129356 0.024781 0.029859
3 0.008625 0.229965 0.016719 0.031405
3 0.023398 0.175328 0.036391 0.070141
3 0.020305 0.029789 0.039641 0.038361
3 0.496875 0.211944 0.990625 0.423888
