13 0.484305 0.603135 0.292609 0.300438
13 0.109969 0.674135 0.185281 0.219146
13 0.387352 0.434115 0.135891 0.152938
13 0.651172 0.376479 0.176469 0.160000
13 0.395984 0.279479 0.086156 0.085125
13 0.120141 0.316969 0.093750 0.110812
13 0.247469 0.447073 0.146969 0.153146
13 0.819445 0.614979 0.361109 0.554375
13 0.538398 0.391437 0.074891 0.106708
13 0.482164 0.303708 0.097109 0.100417
13 0.766562 0.879219 0.356500 0.210396
13 0.107977 0.473833 0.077172 0.152625
13 0.484094 0.842854 0.220125 0.262333
13 0.229687 0.490625 0.225000 0.489583
