5 0.621906 0.815740 0.121344 0.251688
5 0.232664 0.831823 0.197922 0.231604
5 0.068258 0.810115 0.136516 0.289896
5 0.909219 0.822937 0.101188 0.084500
5 0.857859 0.886521 0.047188 0.132583
5 0.789516 0.778250 0.122750 0.262333
5 0.681000 0.712771 0.189312 0.272000
5 0.221203 0.434125 0.059437 0.159208
5 0.755797 0.890323 0.091094 0.139479
5 0.427688 0.828354 0.240937 0.251292
5 0.915766 0.912229 0.077531 0.123875
5 0.130500 0.593333 0.189781 0.226667
5 0.172633 0.673844 0.128047 0.214812
5 0.278570 0.650781 0.156453 0.201312
5 0.505469 0.596875 0.985938 0.727083
