3 0.391977 0.128399 0.030297 0.049466
3 0.363805 0.125893 0.031391 0.054942
3 0.335117 0.121323 0.025641 0.054849
3 0.544805 0.130336 0.045391 0.035940
3 0.282398 0.113503 0.032234 0.056566
3 0.247406 0.109501 0.041313 0.055800
3 0.135406 0.139095 0.037844 0.036195
3 0.098133 0.134176 0.040422 0.036798
3 0.057570 0.130081 0.041359 0.033619
3 0.026523 0.127297 0.022516 0.034269
3 0.158906 0.140974 0.012906 0.032715
3 0.271570 0.151288 0.030641 0.026845
3 0.303406 0.157077 0.033937 0.032251
3 0.489844 0.107889 0.973437 0.174014
