3 0.682773 0.278573 0.053078 0.048951
3 0.562625 0.246598 0.049156 0.022171
3 0.608852 0.247366 0.043859 0.017463
3 0.656438 0.247037 0.045906 0.017537
3 0.535469 0.278780 0.056406 0.046732
3 0.584016 0.280463 0.050000 0.047268
3 0.633672 0.281268 0.053875 0.051122
3 0.733891 0.277744 0.047969 0.045829
3 0.704672 0.245573 0.049438 0.019585
3 0.830188 0.275793 0.048781 0.040024
3 0.878906 0.280768 0.047563 0.045732
3 0.974437 0.277976 0.051125 0.048780
3 0.780625 0.280049 0.046219 0.049463
3 0.499219 0.173171 0.998437 0.346341
