2 0.676797 0.597225 0.232969 0.264098
2 0.495516 0.496628 0.181406 0.206745
2 0.838859 0.371534 0.202406 0.141569
2 0.832336 0.497377 0.178766 0.126745
2 0.848773 0.604941 0.126516 0.103700
2 0.671687 0.308981 0.152938 0.155059
2 0.475336 0.381897 0.154203 0.102717
2 0.519281 0.332564 0.127438 0.099274
2 0.952797 0.600984 0.094188 0.155878
2 0.491672 0.630386 0.151750 0.144098
2 0.655188 0.743817 0.203906 0.202248
2 0.801187 0.443361 0.397625 0.255059
2 0.524055 0.287225 0.102016 0.063864
2 0.775000 0.571429 0.446875 0.735363
