5 0.134219 0.815828 0.049521 0.040563
5 0.558958 0.864656 0.094375 0.097844
5 0.185896 0.907141 0.110958 0.118687
5 0.637250 0.849609 0.086042 0.095500
3 0.895479 0.907875 0.087500 0.102625
3 0.975104 0.910117 0.049792 0.105203
3 0.727958 0.897195 0.073250 0.091547
3 0.662667 0.893203 0.064542 0.087375
8 0.950062 0.854688 0.094625 0.013031
8 0.706292 0.853164 0.079667 0.011359
5 0.329521 0.895258 0.071417 0.113078
8 0.986094 0.837523 0.025646 0.009328
3 0.979427 0.838789 0.040396 0.022797
3 0.801042 0.866891 0.061167 0.063313
3 0.926115 0.850938 0.058854 0.016750
5 0.396177 0.809594 0.059063 0.083156
5 0.481323 0.837539 0.080479 0.065953
