3 0.755164 0.646167 0.128547 0.181125
3 0.428055 0.730958 0.205641 0.402542
3 0.676422 0.772687 0.193781 0.438625
3 0.221563 0.630573 0.151125 0.292479
14 0.569328 0.570240 0.222187 0.181854
14 0.389383 0.528563 0.182672 0.156500
14 0.159328 0.470656 0.133656 0.109813
14 0.070258 0.452365 0.076297 0.095854
14 0.728352 0.440375 0.127703 0.105042
14 0.486820 0.417323 0.104359 0.078688
14 0.887953 0.451927 0.135531 0.112688
14 0.583508 0.383448 0.078891 0.059604
14 0.396789 0.409479 0.093766 0.076042
14 0.649641 0.386385 0.055250 0.060354
3 0.428258 0.525990 0.061234 0.044771
3 0.611117 0.466021 0.074453 0.045000
3 0.178250 0.477927 0.040906 0.036354
3 0.894719 0.630458 0.167031 0.304833
3 0.071039 0.643833 0.038703 0.132375
3 0.134102 0.700458 0.105297 0.247708
8 0.478437 0.730250 0.586625 0.538208
8 0.435531 0.495771 0.291687 0.135667
