2 0.321516 0.549444 0.177437 0.208056
2 0.455930 0.795972 0.198016 0.251111
2 0.736062 0.799556 0.210312 0.288278
2 0.933273 0.708333 0.133453 0.261278
2 0.831719 0.558431 0.150094 0.184028
2 0.826719 0.433042 0.130438 0.123417
2 0.196828 0.440611 0.127594 0.137889
2 0.165328 0.708333 0.206500 0.256778
2 0.351500 0.419569 0.131469 0.107472
2 0.702180 0.606750 0.178234 0.215722
2 0.684703 0.313069 0.093281 0.092917
2 0.764656 0.360917 0.109094 0.109389
2 0.590117 0.292236 0.046516 0.098194
2 0.609375 0.377778 0.778125 0.333333
