3 0.908539 0.063536 0.022453 0.041546
3 0.457266 0.864941 0.245063 0.270117
3 0.657172 0.862728 0.169656 0.272482
3 0.285672 0.487576 0.031938 0.065597
3 0.424883 0.162892 0.028703 0.041194
3 0.253039 0.076780 0.024047 0.049532
3 0.694055 0.443501 0.024703 0.032389
3 0.279727 0.075398 0.029453 0.038946
3 0.305758 0.038033 0.022328 0.036909
3 0.022398 0.232319 0.034797 0.049461
3 0.031109 0.172916 0.026937 0.022974
3 0.349734 0.188454 0.023531 0.019110
3 0.376445 0.190644 0.024953 0.016604
3 0.618750 0.117096 0.609375 0.220141
