8 0.502109 0.501125 0.991844 0.966295
0 0.666422 0.852591 0.116750 0.169818
0 0.539484 0.691761 0.124562 0.188250
0 0.202680 0.703898 0.119641 0.166250
0 0.515180 0.314284 0.108922 0.140250
0 0.378844 0.720159 0.102000 0.073727
0 0.788734 0.645080 0.114906 0.167159
0 0.821734 0.404864 0.125156 0.178955
0 0.937078 0.704977 0.115813 0.175227
0 0.750891 0.796102 0.137500 0.179205
0 0.417859 0.290909 0.110719 0.124682
0 0.200000 0.457148 0.092844 0.140250
0 0.677836 0.684330 0.118859 0.178341
0 0.836852 0.561148 0.146141 0.233432
0 0.489844 0.568182 0.826562 0.859091
