3 0.845691 0.723953 0.144918 0.139344
3 0.455082 0.802914 0.597377 0.300703
3 0.096417 0.712227 0.150726 0.129922
3 0.212646 0.670602 0.088290 0.099734
3 0.473091 0.639992 0.099485 0.077078
3 0.600820 0.642242 0.077518 0.058203
3 0.629918 0.639141 0.040258 0.081344
3 0.039028 0.676141 0.078056 0.118938
3 0.720386 0.626211 0.052763 0.058672
3 0.743103 0.603164 0.048267 0.035172
8 0.492213 0.779188 0.268642 0.208937
8 0.498958 0.648086 0.157681 0.063297
3 0.418513 0.649984 0.100820 0.071656
8 0.126393 0.655742 0.128244 0.020359
8 0.092986 0.660367 0.185972 0.026953
8 0.761991 0.696180 0.051101 0.120766
8 0.754906 0.607867 0.031265 0.010203
