3 0.339828 0.240434 0.099062 0.063779
3 0.193453 0.181690 0.104813 0.074225
3 0.254680 0.144859 0.073297 0.076338
3 0.411680 0.190376 0.092797 0.071408
3 0.329344 0.621092 0.128281 0.062512
3 0.250703 0.531080 0.129312 0.072864
3 0.172906 0.464707 0.122875 0.059836
3 0.099422 0.383392 0.123313 0.061009
3 0.120477 0.522805 0.130734 0.066408
3 0.134789 0.678474 0.130734 0.082160
3 0.059680 0.605493 0.117859 0.063991
3 0.030359 0.680000 0.060719 0.080047
3 0.279594 0.683721 0.130844 0.087347
3 0.401562 0.416667 0.803125 0.650235
