1 0.424211 0.641353 0.124609 0.117576
1 0.534977 0.797376 0.159672 0.179788
1 0.541141 0.573035 0.106125 0.094118
1 0.631070 0.528765 0.098734 0.074329
1 0.702813 0.493341 0.089188 0.060471
1 0.800570 0.440553 0.077141 0.046471
1 0.951891 0.439118 0.079812 0.047835
1 0.847742 0.522388 0.091766 0.067976
1 0.730242 0.617306 0.112141 0.103082
1 0.647375 0.692082 0.127188 0.134518
1 0.274711 0.722647 0.154234 0.149388
1 0.354000 0.906188 0.189531 0.182682
4 0.791922 0.247659 0.137750 0.082047
1 0.789117 0.564659 0.105203 0.076282
8 0.213023 0.450647 0.394984 0.246753
1 0.528906 0.358824 0.939063 0.308235
