3 0.620445 0.114344 0.098267 0.036062
3 0.768923 0.136766 0.092787 0.036437
3 0.814098 0.131211 0.066089 0.022766
3 0.213888 0.103367 0.077471 0.017984
3 0.844848 0.192336 0.076721 0.023797
3 0.830222 0.290008 0.077822 0.030609
3 0.104180 0.120359 0.079133 0.025688
3 0.025585 0.189414 0.051171 0.026641
3 0.938899 0.315812 0.066230 0.033656
3 0.181475 0.214016 0.083044 0.025250
3 0.966534 0.150039 0.066932 0.022734
3 0.585902 0.145453 0.073958 0.025969
3 0.152424 0.189945 0.084098 0.024609
3 0.500000 0.227344 0.995316 0.404687
