11 0.681615 0.846305 0.591938 0.280266
11 0.783146 0.808984 0.433708 0.350562
11 0.390260 0.763219 0.515896 0.300813
11 0.282510 0.567523 0.188354 0.156953
11 0.520146 0.478563 0.202792 0.044438
11 0.619437 0.453578 0.043042 0.026906
11 0.473760 0.468281 0.143063 0.041719
11 0.334698 0.473422 0.140104 0.049281
11 0.271271 0.462180 0.135417 0.061141
11 0.723833 0.528172 0.207542 0.153719
11 0.554781 0.423984 0.198896 0.057219
11 0.410198 0.444141 0.117313 0.040469
11 0.535740 0.561875 0.317729 0.158875
11 0.509375 0.502344 0.406250 0.257812
