8 0.565984 0.879930 0.814125 0.217986
1 0.695781 0.836932 0.132906 0.084075
8 0.622875 0.465925 0.124875 0.234941
8 0.495922 0.336838 0.153625 0.198548
8 0.946523 0.275258 0.106953 0.143068
8 0.778453 0.288115 0.141125 0.093607
8 0.806031 0.194766 0.167969 0.047658
3 0.597156 0.170667 0.038406 0.101850
3 0.505156 0.453759 0.136906 0.363630
3 0.798148 0.155820 0.029078 0.037775
3 0.867656 0.221030 0.032500 0.132927
3 0.928016 0.183466 0.044312 0.043794
3 0.623766 0.300480 0.085031 0.088595
3 0.236563 0.522670 0.083250 0.117330
3 0.527844 0.220867 0.055750 0.062670
3 0.408398 0.163138 0.031609 0.040422
3 0.464570 0.165141 0.031766 0.032670
8 0.483875 0.211393 0.195031 0.066253
3 0.790375 0.311230 0.077625 0.207377
3 0.728398 0.204578 0.054609 0.095902
3 0.500000 0.459016 0.996875 0.861827
