2 0.569516 0.551256 0.112750 0.094296
2 0.634703 0.498239 0.097281 0.106338
2 0.696313 0.454965 0.092750 0.093451
2 0.760609 0.398568 0.088250 0.083427
2 0.804477 0.358474 0.084203 0.081127
2 0.303102 0.364636 0.072734 0.048099
2 0.771891 0.550423 0.106781 0.106761
2 0.695094 0.625481 0.116813 0.120587
2 0.463766 0.699366 0.094594 0.116901
2 0.516820 0.781831 0.105359 0.121127
2 0.506555 0.500587 0.090141 0.099953
2 0.429453 0.433744 0.088219 0.074953
2 0.823531 0.498674 0.092156 0.103122
2 0.574219 0.572770 0.839063 0.849765
