8 0.732062 0.212579 0.045719 0.050397
8 0.623094 0.728948 0.645813 0.542103
3 0.274656 0.320139 0.053562 0.231786
3 0.827570 0.331091 0.136016 0.295675
3 0.345672 0.481111 0.117781 0.579444
3 0.439758 0.516845 0.099109 0.548294
3 0.446992 0.241687 0.054672 0.184484
3 0.281375 0.633016 0.194656 0.705635
3 0.723148 0.248750 0.064797 0.303929
3 0.713086 0.255595 0.092703 0.311349
3 0.392578 0.156905 0.024219 0.087857
3 0.526703 0.113294 0.015844 0.066190
3 0.252805 0.225040 0.072234 0.167778
3 0.051227 0.700079 0.099578 0.599841
8 0.340398 0.348056 0.176359 0.088413
8 0.443664 0.202460 0.057578 0.038095
8 0.302203 0.258036 0.149125 0.071944
3 0.623484 0.216865 0.061594 0.264444
3 0.495312 0.412698 0.990625 0.690476
