3 0.719258 0.123394 0.017734 0.018339
3 0.686516 0.108412 0.018063 0.045271
3 0.369453 0.085361 0.020875 0.032527
3 0.349164 0.090126 0.022203 0.042419
3 0.293000 0.082347 0.028156 0.037112
3 0.269750 0.079368 0.022250 0.037148
3 0.253781 0.037004 0.020656 0.037401
3 0.274586 0.039278 0.022359 0.039350
3 0.250914 0.082130 0.016297 0.038628
3 0.224586 0.079116 0.009141 0.033394
3 0.198391 0.085144 0.019906 0.051083
3 0.489602 0.097924 0.021516 0.044296
3 0.231953 0.034657 0.020375 0.032563
3 0.368750 0.068592 0.687500 0.137184
