3 0.105336 0.185385 0.146641 0.150562
3 0.463836 0.091833 0.054828 0.056292
3 0.207617 0.147917 0.148047 0.112792
3 0.292484 0.109365 0.074313 0.074688
3 0.525766 0.099979 0.063094 0.027625
3 0.074461 0.031625 0.096516 0.063250
3 0.150430 0.031104 0.108016 0.058500
3 0.037789 0.202198 0.075578 0.162854
3 0.267758 0.106875 0.036922 0.075208
3 0.269695 0.108521 0.050047 0.079000
3 0.357469 0.098875 0.073125 0.087917
3 0.559008 0.079667 0.068734 0.028750
3 0.703383 0.052615 0.062234 0.040188
3 0.461719 0.131250 0.907813 0.262500
