8 0.413820 0.841333 0.795891 0.289417
8 0.846102 0.663281 0.176641 0.194979
8 0.771859 0.505823 0.430500 0.053812
8 0.314852 0.420802 0.179734 0.131646
8 0.883469 0.428333 0.233063 0.036125
3 0.547758 0.468531 0.134828 0.119104
3 0.841289 0.800000 0.317422 0.400000
3 0.104789 0.607510 0.209578 0.297354
3 0.597211 0.439479 0.153859 0.143500
3 0.490805 0.385677 0.063766 0.088146
3 0.402195 0.409667 0.104172 0.180958
8 0.707508 0.347979 0.046016 0.030583
3 0.867727 0.604573 0.218859 0.324979
3 0.731688 0.451010 0.154812 0.090937
3 0.160719 0.479219 0.196750 0.288312
3 0.090047 0.429958 0.035063 0.048708
3 0.356844 0.538219 0.181250 0.133521
3 0.093398 0.326698 0.046172 0.016146
8 0.046055 0.478219 0.092109 0.051687
