3 0.399703 0.820990 0.072188 0.098937
3 0.124578 0.830260 0.052844 0.095479
3 0.036219 0.833885 0.068906 0.102396
8 0.063469 0.829510 0.055813 0.071229
3 0.456320 0.822781 0.063484 0.089563
3 0.514914 0.815375 0.055453 0.097042
3 0.644047 0.810500 0.053187 0.097042
3 0.721203 0.808250 0.051562 0.095000
3 0.586773 0.812938 0.049172 0.098375
3 0.104617 0.827625 0.065984 0.100333
3 0.922219 0.810729 0.054187 0.089167
3 0.962422 0.813615 0.042125 0.075646
8 0.430164 0.706667 0.060703 0.010917
8 0.137164 0.709583 0.037641 0.008375
8 0.398766 0.711010 0.048344 0.005229
