3 0.808117 0.515808 0.148016 0.297658
3 0.124828 0.360211 0.132000 0.268806
3 0.621125 0.271230 0.075844 0.078525
3 0.782719 0.258806 0.083750 0.032459
3 0.222531 0.255141 0.117125 0.329391
3 0.289609 0.358021 0.070062 0.243208
3 0.326844 0.324286 0.038937 0.220984
8 0.704602 0.350761 0.330484 0.063068
8 0.479586 0.252939 0.877547 0.058806
8 0.143305 0.596124 0.277203 0.225363
8 0.503156 0.771276 0.993688 0.427892
5 0.117305 0.085211 0.070734 0.083068
5 0.710344 0.144415 0.118125 0.180960
3 0.786828 0.296148 0.088844 0.045082
3 0.561727 0.446241 0.051297 0.185410
3 0.913734 0.272939 0.060219 0.066393
3 0.602719 0.289988 0.090281 0.049485
3 0.573594 0.234309 0.047313 0.070913
3 0.544461 0.249426 0.041297 0.072857
8 0.328914 0.252506 0.063984 0.106932
3 0.539844 0.437939 0.917188 0.548009
