3 0.681531 0.561337 0.017344 0.030935
8 0.723383 0.552663 0.024328 0.028804
3 0.696812 0.548250 0.016438 0.034587
3 0.668070 0.561120 0.014609 0.030630
3 0.740047 0.549076 0.011719 0.031022
3 0.952961 0.542424 0.015297 0.029587
3 0.424539 0.525891 0.006641 0.017217
3 0.790469 0.534098 0.004437 0.034239
3 0.650180 0.558337 0.014391 0.033804
3 0.988711 0.540554 0.010766 0.026543
3 0.920867 0.542761 0.011891 0.023043
3 0.774531 0.532315 0.016281 0.028152
8 0.667633 0.551098 0.020234 0.004283
8 0.761477 0.549076 0.026328 0.024848
3 0.486055 0.561087 0.016328 0.031478
8 0.569383 0.551076 0.021797 0.020674
8 0.969477 0.537130 0.029484 0.010391
3 0.660937 0.543478 0.571875 0.082609
