3 0.957664 0.067899 0.054516 0.071995
3 0.683148 0.080763 0.050891 0.071526
3 0.711648 0.093592 0.024359 0.053568
3 0.834180 0.244930 0.044734 0.028967
3 0.849766 0.264366 0.050250 0.032911
3 0.829047 0.310305 0.050156 0.023192
3 0.852609 0.284143 0.033719 0.018052
3 0.979273 0.116655 0.038203 0.012746
3 0.928234 0.143908 0.059281 0.071620
3 0.684039 0.166009 0.045797 0.099249
3 0.147422 0.225059 0.029781 0.029085
3 0.802742 0.077148 0.050859 0.070446
3 0.970711 0.151279 0.044766 0.039131
3 0.733594 0.097418 0.254688 0.190141
