14 0.564789 0.632451 0.189484 0.194429
3 0.541398 0.477535 0.170172 0.316852
3 0.687180 0.407033 0.123359 0.235905
3 0.924438 0.273162 0.036156 0.098412
3 0.918078 0.336198 0.079406 0.204095
3 0.688344 0.219359 0.050094 0.074986
3 0.277555 0.701295 0.260797 0.555850
3 0.896844 0.350947 0.066719 0.109248
3 0.966867 0.195891 0.017484 0.059081
3 0.937562 0.199206 0.027437 0.072841
3 0.760219 0.261365 0.034937 0.065404
3 0.768805 0.232967 0.013297 0.026936
3 0.972945 0.211337 0.018922 0.079944
3 0.976094 0.228663 0.008563 0.018384
