3 0.142930 0.823358 0.282820 0.316030
3 0.933490 0.700179 0.133020 0.289791
3 0.916070 0.635776 0.101380 0.232806
3 0.810460 0.605030 0.078160 0.138776
8 0.381020 0.773642 0.433080 0.186925
8 0.857450 0.896642 0.284580 0.184269
8 0.825990 0.557149 0.106380 0.063134
8 0.174980 0.581985 0.049880 0.022478
3 0.268060 0.562015 0.078000 0.062597
3 0.815290 0.734836 0.067740 0.283164
3 0.202750 0.642030 0.058660 0.145313
5 0.309090 0.427597 0.128220 0.210119
8 0.976500 0.644299 0.047000 0.050149
8 0.893490 0.566269 0.034820 0.047582
3 0.032340 0.675478 0.061960 0.143970
3 0.054180 0.590090 0.101960 0.074746
8 0.131780 0.558478 0.028760 0.034507
8 0.277250 0.597866 0.107900 0.041821
