13 0.274953 0.136417 0.068531 0.073864
3 0.092344 0.747002 0.184688 0.478548
3 0.778867 0.737119 0.183266 0.431335
8 0.915383 0.557553 0.168203 0.122459
8 0.375477 0.419614 0.091016 0.088267
8 0.569672 0.459239 0.072438 0.080913
8 0.457586 0.783653 0.518641 0.432693
8 0.407555 0.429274 0.040953 0.026183
3 0.629883 0.643138 0.125953 0.357892
3 0.486266 0.537459 0.068062 0.189859
3 0.211516 0.580059 0.097156 0.273185
1 0.894961 0.542998 0.049828 0.029040
14 0.478273 0.750562 0.188922 0.161780
15 0.390945 0.862354 0.043953 0.053279
1 0.872758 0.548419 0.037609 0.020398
3 0.944539 0.760679 0.110922 0.393255
3 0.019336 0.484040 0.038672 0.109485
3 0.686742 0.402705 0.014453 0.023489
3 0.444109 0.502553 0.051250 0.155878
3 0.717445 0.424672 0.062391 0.059742
