3 0.246592 0.655055 0.160731 0.104828
3 0.114375 0.681719 0.162665 0.176812
3 0.967524 0.608180 0.064009 0.078922
3 0.929847 0.710406 0.140307 0.086688
3 0.450873 0.697602 0.519858 0.085047
3 0.155660 0.559914 0.089528 0.026422
3 0.099575 0.558328 0.088255 0.049188
3 0.961226 0.529188 0.077547 0.075313
3 0.888561 0.524117 0.078443 0.069953
3 0.848620 0.518820 0.036863 0.071984
3 0.240755 0.545531 0.073774 0.038937
8 0.500000 0.858109 1.000000 0.281531
8 0.285460 0.616359 0.486910 0.113312
8 0.166403 0.553422 0.332807 0.061313
3 0.764092 0.505352 0.053939 0.058266
3 0.960554 0.640258 0.078420 0.054547
8 0.473785 0.478063 0.250873 0.030969
8 0.310083 0.467437 0.053939 0.014156
5 0.853915 0.454695 0.103585 0.052141
8 0.220295 0.507187 0.062995 0.008094
8 0.495224 0.493297 0.194552 0.009094
8 0.942241 0.497695 0.115519 0.025172
3 0.476415 0.609375 0.952830 0.337500
