13 0.194281 0.327881 0.150594 0.205410
13 0.635789 0.225878 0.135016 0.178829
13 0.416812 0.042248 0.093094 0.084262
13 0.167547 0.057400 0.101719 0.107635
15 0.561906 0.455328 0.023062 0.059133
15 0.146336 0.521768 0.036859 0.053607
14 0.057398 0.186452 0.114797 0.202459
15 0.111492 0.174368 0.024359 0.025878
15 0.345484 0.125293 0.025469 0.026136
3 0.756437 0.789180 0.324063 0.394801
3 0.247070 0.869040 0.293984 0.261920
3 0.489531 0.252541 0.169219 0.131967
3 0.301461 0.294766 0.052266 0.092295
3 0.949398 0.240995 0.099859 0.227752
3 0.729187 0.067635 0.089406 0.135269
15 0.905133 0.042307 0.015703 0.018525
3 0.093430 0.382119 0.078672 0.124379
