3 0.562305 0.439938 0.074359 0.261417
3 0.290727 0.276396 0.116297 0.202250
3 0.388094 0.309656 0.048781 0.165938
3 0.900359 0.222604 0.076469 0.106292
8 0.476578 0.790635 0.536687 0.399562
8 0.217414 0.560667 0.434828 0.298875
8 0.164695 0.384010 0.326016 0.137396
8 0.833430 0.322469 0.257859 0.222479
1 0.295023 0.797031 0.079172 0.090146
1 0.308312 0.471771 0.111437 0.043083
3 0.754445 0.501802 0.125328 0.303896
8 0.117797 0.299979 0.235469 0.097458
8 0.902484 0.441771 0.195031 0.286583
3 0.640695 0.217490 0.029547 0.056479
1 0.021789 0.295719 0.027641 0.011729
1 0.045484 0.560542 0.069219 0.050917
