0 0.251141 0.746583 0.271875 0.198375
0 0.623375 0.779229 0.319469 0.223375
0 0.521828 0.615448 0.152344 0.081271
0 0.751516 0.471375 0.144719 0.265167
0 0.891227 0.770125 0.216234 0.277917
0 0.159742 0.429437 0.151953 0.236375
0 0.319539 0.538177 0.239578 0.224854
0 0.294156 0.889604 0.198687 0.101292
0 0.720094 0.705729 0.074906 0.065542
0 0.486211 0.902010 0.089047 0.105312
0 0.036914 0.672531 0.073828 0.155438
0 0.383297 0.634990 0.125969 0.068812
0 0.827789 0.555938 0.083859 0.201500
0 0.564844 0.885417 0.457813 0.150000
