0 0.257539 0.867510 0.131891 0.264896
0 0.043234 0.656469 0.072344 0.517646
0 0.127016 0.759333 0.070438 0.351167
0 0.184664 0.824406 0.090453 0.301521
0 0.098594 0.687646 0.065719 0.507875
0 0.392781 0.199406 0.110375 0.090479
0 0.033031 0.667354 0.066062 0.569958
0 0.431242 0.367302 0.157359 0.187729
0 0.007500 0.673021 0.015000 0.142625
0 0.460391 0.678583 0.041125 0.055125
0 0.527766 0.583052 0.020313 0.050146
0 0.341422 0.633719 0.045000 0.045479
0 0.775266 0.399344 0.045687 0.041396
0 0.382031 0.323958 0.457813 0.552083
