8 0.500844 0.493406 0.998312 0.986521
0 0.247641 0.366750 0.099062 0.254708
0 0.324125 0.585906 0.150500 0.255688
0 0.422187 0.156500 0.202594 0.066167
0 0.396055 0.227000 0.200797 0.094542
0 0.470695 0.311156 0.171672 0.152604
0 0.575914 0.355250 0.076984 0.204250
0 0.581602 0.543740 0.079703 0.121312
0 0.506031 0.519625 0.073344 0.291250
0 0.249164 0.565615 0.091953 0.170354
0 0.340547 0.382083 0.106000 0.170375
0 0.412430 0.525865 0.124297 0.112021
0 0.514344 0.330104 0.057781 0.072000
0 0.437547 0.684052 0.125063 0.114104
