3 0.754836 0.219354 0.055141 0.072625
3 0.656758 0.171313 0.054672 0.090000
3 0.237250 0.319531 0.050813 0.023229
3 0.436211 0.318604 0.050109 0.036542
3 0.423086 0.231969 0.049609 0.030187
3 0.412125 0.149240 0.041250 0.030021
3 0.408172 0.119427 0.043500 0.034188
3 0.761922 0.286250 0.050250 0.050833
3 0.474195 0.262365 0.051266 0.034646
3 0.481883 0.287042 0.046422 0.026708
3 0.431758 0.288396 0.048578 0.026667
3 0.715828 0.279438 0.049750 0.030875
3 0.526023 0.263896 0.052984 0.044417
3 0.515625 0.168750 0.965625 0.337500
