3 0.930773 0.613337 0.138453 0.259100
3 0.862820 0.808556 0.078359 0.361883
8 0.388375 0.779278 0.776750 0.407050
8 0.037641 0.396297 0.075281 0.008787
8 0.808477 0.437856 0.112391 0.077218
3 0.431094 0.411851 0.029844 0.091862
0 0.473672 0.916590 0.023719 0.008703
0 0.535875 0.907123 0.040000 0.021569
0 0.576953 0.882385 0.037344 0.019582
0 0.458133 0.890701 0.034359 0.046674
0 0.539914 0.884079 0.015516 0.014644
0 0.509727 0.898944 0.027922 0.020607
0 0.483984 0.856349 0.027594 0.023285
0 0.151586 0.601642 0.019109 0.019142
3 0.860766 0.450523 0.124906 0.151213
3 0.338977 0.423149 0.074453 0.082908
3 0.824906 0.377877 0.037469 0.015921
3 0.738148 0.366234 0.032984 0.036360
3 0.774047 0.376088 0.017625 0.042427
8 0.819398 0.495753 0.081672 0.043138
8 0.293695 0.372615 0.051266 0.009456
2 0.434930 0.842542 0.079391 0.067427
8 0.394727 0.386820 0.053641 0.017615
