5 0.050391 0.335042 0.100625 0.202792
5 0.803320 0.490677 0.078266 0.140813
3 0.081469 0.861854 0.158406 0.250000
3 0.448391 0.782792 0.141937 0.210750
3 0.608758 0.713927 0.067547 0.130396
8 0.688531 0.862052 0.442625 0.234187
8 0.385586 0.923521 0.735891 0.120000
8 0.852070 0.850667 0.284859 0.298667
3 0.684805 0.693646 0.057141 0.115958
3 0.960313 0.653781 0.063250 0.064229
8 0.928625 0.662625 0.141313 0.040500
3 0.796367 0.633875 0.026766 0.021875
3 0.748398 0.680677 0.040328 0.094937
3 0.872102 0.618240 0.019516 0.032396
3 0.888727 0.658750 0.080734 0.047042
3 0.837625 0.563490 0.063875 0.074854
3 0.843203 0.589625 0.068594 0.068583
3 0.834203 0.587354 0.061625 0.076208
8 0.896758 0.667458 0.206484 0.100458
3 0.710102 0.683688 0.031516 0.089750
3 0.900000 0.604167 0.196875 0.129167
