13 0.774531 0.293820 0.308604 0.168547
13 0.537458 0.260313 0.167708 0.111344
13 0.672437 0.138281 0.141917 0.123375
13 0.410021 0.355867 0.081375 0.075109
13 0.892125 0.169453 0.069208 0.052969
13 0.831646 0.173398 0.061083 0.046766
13 0.814813 0.550242 0.141833 0.274234
13 0.347990 0.240680 0.034813 0.057203
13 0.387635 0.245680 0.043937 0.063297
15 0.179427 0.457531 0.020854 0.013031
15 0.154760 0.399023 0.031604 0.008016
15 0.150188 0.344438 0.025958 0.008906
3 0.102927 0.420250 0.191062 0.179719
13 0.834458 0.111797 0.224708 0.177531
13 0.559708 0.150172 0.119250 0.111813
13 0.964104 0.074883 0.071792 0.118797
3 0.174896 0.714805 0.329000 0.335078
3 0.088573 0.562742 0.153479 0.086734
13 0.961073 0.298359 0.077854 0.191812
14 0.468417 0.460711 0.115167 0.078703
15 0.164052 0.384305 0.021354 0.007172
15 0.255073 0.529734 0.059813 0.020938
