15 0.046914 0.985187 0.058391 0.028750
3 0.465688 0.430427 0.039438 0.015896
3 0.155297 0.571469 0.023938 0.135104
3 0.895195 0.934073 0.024797 0.130812
14 0.565445 0.641573 0.234266 0.204479
14 0.802297 0.607719 0.227156 0.188271
14 0.362242 0.520844 0.159422 0.134438
14 0.582461 0.497000 0.091453 0.107458
14 0.684148 0.419573 0.082109 0.102646
14 0.899109 0.480104 0.131812 0.129292
14 0.386305 0.412500 0.079234 0.086083
14 0.224570 0.418125 0.105672 0.097542
14 0.071391 0.431135 0.102813 0.089188
14 0.034398 0.556167 0.063234 0.196375
3 0.314828 0.695385 0.178687 0.350604
3 0.611789 0.369302 0.083953 0.156271
3 0.163711 0.409010 0.028609 0.083979
3 0.430312 0.873062 0.127719 0.253875
3 0.813352 0.943417 0.043078 0.110083
14 0.057344 0.639656 0.114688 0.261604
14 0.086281 0.762937 0.169594 0.354958
14 0.013609 0.492781 0.027031 0.153562
