0 0.420547 0.416604 0.103531 0.072693
0 0.406656 0.525960 0.034625 0.138852
0 0.431914 0.532482 0.037016 0.218126
0 0.373328 0.407494 0.086969 0.069649
0 0.604898 0.563841 0.139703 0.042529
0 0.410523 0.506979 0.152641 0.075222
0 0.419930 0.393384 0.115859 0.065550
0 0.614797 0.651745 0.172375 0.076979
0 0.623648 0.586663 0.140109 0.038009
0 0.435641 0.367436 0.064656 0.065457
0 0.333000 0.417740 0.078375 0.035386
0 0.313180 0.460386 0.068234 0.036370
0 0.472648 0.496546 0.067328 0.107237
0 0.550781 0.535129 0.617188 0.358314
