5 0.544609 0.598932 0.069437 0.136690
5 0.847773 0.641573 0.304453 0.694366
5 0.833562 0.627793 0.332875 0.713005
5 0.277914 0.456467 0.074422 0.110164
5 0.651414 0.392887 0.163047 0.233709
5 0.575984 0.381866 0.029219 0.077864
5 0.522773 0.378286 0.052359 0.101127
5 0.324352 0.380153 0.047109 0.100446
5 0.237758 0.407394 0.020391 0.051784
13 0.895492 0.187218 0.209016 0.365469
4 0.162477 0.716127 0.322078 0.537653
4 0.480969 0.540387 0.337812 0.270962
16 0.674477 0.536221 0.033172 0.010751
16 0.655445 0.525059 0.042234 0.010634
5 0.022680 0.230481 0.045234 0.124906
5 0.182586 0.378146 0.050734 0.114789
16 0.691578 0.547277 0.017438 0.006338
5 0.413281 0.164319 0.070312 0.112676
