13 0.453234 0.679215 0.108937 0.112365
4 0.291336 0.483872 0.582672 0.666661
8 0.256633 0.264116 0.114047 0.037653
3 0.036078 0.246625 0.072156 0.189206
16 0.689164 0.776092 0.048828 0.032906
16 0.189328 0.275442 0.052344 0.034170
3 0.048242 0.733276 0.071672 0.167094
3 0.549063 0.232202 0.067625 0.159964
3 0.536031 0.742852 0.073219 0.187617
13 0.934531 0.678204 0.106469 0.110379
13 0.949672 0.187013 0.100656 0.135072
13 0.432422 0.185487 0.109156 0.130686
16 0.705461 0.274025 0.048891 0.029856
16 0.207195 0.774007 0.057203 0.028953
