3 0.762969 0.767804 0.133625 0.251464
3 0.297336 0.611441 0.153328 0.177342
3 0.922570 0.566982 0.072516 0.130225
3 0.081812 0.524381 0.069375 0.113716
3 0.140000 0.533153 0.105219 0.134369
3 0.390539 0.468007 0.115828 0.088986
3 0.327445 0.458941 0.039766 0.068649
3 0.517125 0.494910 0.070875 0.090450
3 0.219875 0.582365 0.099031 0.150315
3 0.703305 0.524899 0.087766 0.109572
3 0.655945 0.509989 0.041391 0.097140
3 0.278984 0.446430 0.058500 0.062455
3 0.617750 0.727027 0.168187 0.258829
3 0.499219 0.443694 0.920312 0.193694
