3 0.854063 0.699250 0.021429 0.043500
3 0.663724 0.420203 0.036253 0.024750
3 0.203595 0.583117 0.052155 0.045297
3 0.222588 0.550016 0.084895 0.032313
3 0.910351 0.607180 0.065246 0.027578
3 0.859906 0.608633 0.051101 0.026953
3 0.670222 0.519773 0.055808 0.027734
3 0.445258 0.438008 0.047330 0.027672
3 0.409391 0.465305 0.058314 0.027328
3 0.531440 0.370531 0.051405 0.020094
3 0.579157 0.370789 0.044778 0.017203
3 0.560141 0.748352 0.130913 0.117109
3 0.630656 0.745477 0.140281 0.118734
3 0.500000 0.403906 0.995316 0.485938
