3 0.403281 0.442577 0.082344 0.176797
3 0.906523 0.666058 0.112859 0.376964
3 0.376977 0.598928 0.174922 0.298914
3 0.060516 0.410557 0.046750 0.203454
3 0.321609 0.386504 0.029781 0.131560
3 0.302156 0.374234 0.024031 0.105292
3 0.017484 0.364387 0.031500 0.099248
3 0.010969 0.770460 0.021937 0.202535
3 0.590477 0.556755 0.045266 0.203426
3 0.980242 0.592841 0.039516 0.248858
3 0.914742 0.546880 0.085078 0.184568
8 0.337094 0.480292 0.152750 0.215961
8 0.480375 0.838106 0.645687 0.304401
8 0.874320 0.798134 0.168547 0.206574
8 0.966414 0.450738 0.065578 0.025487
8 0.054328 0.348482 0.045219 0.090167
8 0.479477 0.393092 0.116047 0.056323
1 0.334078 0.827507 0.235531 0.193565
1 0.652641 0.786894 0.130219 0.126936
1 0.895305 0.957103 0.209391 0.085794
3 0.040047 0.524735 0.024469 0.053928
3 0.429688 0.428969 0.346875 0.250696
