4 0.475240 0.203520 0.573240 0.137333
3 0.068410 0.444453 0.124980 0.186293
8 0.549730 0.656133 0.628060 0.466987
8 0.065140 0.149293 0.130280 0.084507
8 0.797950 0.461867 0.188340 0.107627
14 0.535310 0.518093 0.460500 0.725627
3 0.123270 0.463507 0.061620 0.135973
3 0.222990 0.695693 0.249860 0.600240
3 0.672130 0.416173 0.246460 0.306107
3 0.502180 0.359427 0.181120 0.218960
3 0.189090 0.086933 0.061580 0.046667
3 0.026410 0.313960 0.052820 0.068187
3 0.105670 0.114587 0.083780 0.080213
3 0.024780 0.118640 0.048720 0.059040
8 0.402760 0.339733 0.070360 0.092853
