3 0.447859 0.321875 0.057594 0.037417
3 0.384242 0.284313 0.044953 0.030833
3 0.776984 0.206854 0.065781 0.038750
3 0.792234 0.261177 0.057844 0.073438
3 0.077969 0.201302 0.052625 0.030354
3 0.575437 0.326521 0.051438 0.025167
3 0.371594 0.252979 0.063656 0.037458
3 0.316352 0.255156 0.046859 0.044437
3 0.667797 0.038646 0.057469 0.031875
3 0.634352 0.328281 0.062234 0.025937
3 0.397531 0.322500 0.040594 0.045708
3 0.243047 0.248229 0.037812 0.034583
3 0.617383 0.068542 0.056703 0.033625
3 0.507812 0.167708 0.981250 0.331250
