3 0.710125 0.204677 0.130344 0.168437
3 0.670594 0.147260 0.128500 0.204646
3 0.368125 0.189646 0.161562 0.155333
3 0.495008 0.078385 0.037828 0.078271
3 0.106969 0.264552 0.059875 0.190312
8 0.853094 0.184271 0.293812 0.121333
1 0.769664 0.728094 0.460672 0.512354
1 0.500844 0.550562 0.998312 0.624708
3 0.175016 0.201750 0.107688 0.225875
8 0.571539 0.144813 0.100078 0.197167
8 0.313484 0.728531 0.626969 0.510104
8 0.354352 0.121177 0.287797 0.070146
3 0.788914 0.053198 0.030641 0.061521
3 0.822023 0.050781 0.054203 0.059896
