3 0.841220 0.361920 0.187920 0.360160
3 0.186910 0.257440 0.150380 0.304747
3 0.056880 0.261013 0.113760 0.315787
8 0.406160 0.722960 0.780680 0.554080
1 0.433990 0.382027 0.352260 0.287627
3 0.417000 0.202400 0.076160 0.178613
3 0.471540 0.238387 0.044680 0.037040
3 0.121920 0.169173 0.095840 0.163680
5 0.579290 0.128520 0.101980 0.098800
5 0.458790 0.129173 0.078900 0.084160
5 0.311790 0.106040 0.081340 0.093253
5 0.223650 0.086320 0.055660 0.092640
5 0.176890 0.112307 0.028060 0.041573
5 0.062480 0.082053 0.032320 0.071307
8 0.626120 0.257307 0.251120 0.060693
3 0.716270 0.284120 0.165700 0.181147
5 0.016880 0.074360 0.031880 0.077307
