2 0.130629 0.762570 0.207748 0.132297
2 0.189219 0.873875 0.227931 0.135156
2 0.346176 0.507219 0.030325 0.011250
2 0.291511 0.466422 0.031542 0.015281
2 0.321897 0.465227 0.035355 0.025891
2 0.377748 0.478375 0.031643 0.013844
2 0.379899 0.506000 0.021501 0.009437
2 0.417069 0.503906 0.050852 0.025969
2 0.329858 0.492664 0.027059 0.016422
2 0.274675 0.496047 0.034422 0.013250
2 0.301978 0.499922 0.027201 0.008250
2 0.415284 0.487617 0.029959 0.008797
4 0.832718 0.462250 0.298783 0.245406
2 0.355598 0.474797 0.023854 0.015969
2 0.343813 0.485938 0.249493 0.056250
