3 0.024234 0.423251 0.048469 0.034202
3 0.094664 0.427570 0.089109 0.043169
3 0.340820 0.505012 0.095109 0.146549
3 0.080844 0.150235 0.079000 0.092770
3 0.141922 0.153333 0.039062 0.105164
3 0.188469 0.423744 0.095719 0.047207
3 0.234000 0.147124 0.082687 0.105657
3 0.374953 0.477265 0.079125 0.167958
3 0.359172 0.142723 0.074250 0.106479
3 0.025125 0.512336 0.048219 0.063404
3 0.137898 0.508380 0.181141 0.076761
3 0.229125 0.368862 0.092563 0.027817
3 0.049719 0.462171 0.099437 0.046878
3 0.247734 0.457465 0.099031 0.030798
3 0.499219 0.356808 0.998437 0.708920
