13 0.594516 0.285896 0.118500 0.105333
3 0.405578 0.803646 0.180250 0.345500
3 0.175375 0.803885 0.185875 0.308188
3 0.179844 0.670500 0.137094 0.161292
4 0.582617 0.533260 0.225328 0.113729
4 0.391898 0.633260 0.339578 0.216729
8 0.292602 0.757802 0.311609 0.315854
8 0.903172 0.827458 0.193656 0.312208
16 0.533578 0.545875 0.018313 0.011417
3 0.959281 0.525562 0.068250 0.075292
5 0.165297 0.544479 0.040563 0.046417
16 0.957758 0.708635 0.033078 0.017688
3 0.418984 0.614948 0.078312 0.080771
14 0.877516 0.438062 0.020656 0.065417
14 0.877898 0.502052 0.060422 0.040688
