3 0.551984 0.967167 0.062219 0.046750
3 0.302852 0.968812 0.078984 0.061208
3 0.237945 0.962187 0.055672 0.075625
3 0.973539 0.935688 0.052922 0.128625
3 0.612422 0.917490 0.028344 0.092979
3 0.705484 0.970906 0.042812 0.058187
3 0.608734 0.861510 0.023375 0.040896
3 0.476734 0.982135 0.060031 0.034104
3 0.156688 0.845781 0.028406 0.045979
3 0.139984 0.892490 0.055406 0.080062
3 0.238344 0.863281 0.034375 0.029687
8 0.392039 0.964323 0.106484 0.071354
8 0.085195 0.959854 0.112422 0.067083
8 0.487297 0.969344 0.104500 0.059562
8 0.210203 0.839802 0.094719 0.027271
8 0.785750 0.907271 0.074625 0.066708
8 0.557461 0.902208 0.101797 0.048875
8 0.373680 0.848708 0.041234 0.015958
8 0.967234 0.805156 0.043531 0.020354
8 0.522727 0.852760 0.020672 0.015437
8 0.653273 0.835135 0.015609 0.018021
3 0.635938 0.871792 0.045344 0.092458
3 0.579102 0.949354 0.031891 0.032792
8 0.614609 0.968833 0.173375 0.031167
8 0.775172 0.977437 0.109125 0.045125
8 0.974203 0.872531 0.051219 0.034146
3 0.650000 0.918750 0.393750 0.116667
