8 0.662687 0.866440 0.218906 0.222482
8 0.906414 0.717845 0.178016 0.223232
8 0.582633 0.586780 0.054828 0.111171
3 0.314266 0.805878 0.109719 0.231710
3 0.140672 0.860820 0.131500 0.271148
3 0.722547 0.636721 0.045031 0.141405
3 0.973406 0.526546 0.036562 0.069063
3 0.142000 0.922213 0.077156 0.155574
3 0.337062 0.499262 0.044250 0.079696
3 0.427445 0.489766 0.035516 0.068197
3 0.566617 0.462319 0.041141 0.081499
3 0.691125 0.435234 0.030937 0.055948
8 0.683898 0.536499 0.158172 0.090515
3 0.099367 0.608290 0.031297 0.028712
3 0.398078 0.780000 0.136656 0.289321
8 0.017289 0.758080 0.031109 0.126932
8 0.176328 0.650843 0.097531 0.149555
8 0.983359 0.478126 0.033281 0.097705
8 0.313391 0.956698 0.301375 0.086604
3 0.436531 0.401651 0.027156 0.045222
8 0.905750 0.370738 0.044375 0.101007
3 0.514062 0.426230 0.968750 0.299766
