1 0.644016 0.479590 0.460938 0.213934
1 0.457883 0.820445 0.911578 0.282248
1 0.444906 0.181136 0.151031 0.099602
1 0.613734 0.187986 0.161844 0.108478
1 0.760352 0.261230 0.170859 0.105457
1 0.868000 0.715164 0.211344 0.203021
1 0.656617 0.329098 0.199703 0.138806
1 0.500664 0.261557 0.199734 0.105363
1 0.865414 0.353208 0.185297 0.134848
1 0.457359 0.368384 0.210375 0.157658
1 0.241742 0.349344 0.195828 0.137658
1 0.279875 0.225972 0.175031 0.119485
1 0.298336 0.477354 0.229047 0.177096
1 0.068750 0.511710 0.128125 0.124122
