3 0.467258 0.153021 0.024266 0.018500
3 0.184719 0.146104 0.027687 0.015083
3 0.332664 0.200427 0.034672 0.025854
3 0.424789 0.238875 0.032109 0.021625
3 0.764719 0.169292 0.018906 0.018083
3 0.680086 0.157146 0.018328 0.021625
3 0.627938 0.141094 0.027875 0.017521
3 0.483805 0.090146 0.026141 0.014500
3 0.908859 0.124240 0.023969 0.014646
3 0.863219 0.123708 0.026750 0.020375
3 0.658500 0.157896 0.025469 0.019875
3 0.339242 0.276208 0.024734 0.037542
3 0.396883 0.263354 0.030672 0.021000
3 0.500000 0.181250 0.996875 0.320833
