3 0.305648 0.807531 0.611297 0.376354
3 0.752242 0.704073 0.046297 0.274896
8 0.343703 0.876906 0.365563 0.246188
8 0.615883 0.695302 0.218828 0.167063
8 0.814992 0.576719 0.090797 0.035646
8 0.917063 0.537500 0.038125 0.025417
8 0.916211 0.606729 0.039422 0.145583
3 0.318313 0.669323 0.060500 0.037437
3 0.957719 0.596438 0.034063 0.173875
3 0.294234 0.663990 0.120969 0.069437
3 0.318367 0.621146 0.074672 0.029167
3 0.887172 0.675750 0.022219 0.136375
8 0.983680 0.568292 0.032641 0.112917
3 0.989234 0.505385 0.016313 0.028896
3 0.776680 0.706021 0.025734 0.264667
3 0.634992 0.576833 0.024141 0.035458
8 0.329516 0.737625 0.328594 0.230208
