4 0.591656 0.713973 0.357156 0.546233
14 0.940695 0.468545 0.095359 0.132568
13 0.585047 0.339264 0.079531 0.149829
13 0.951742 0.266952 0.036016 0.044247
3 0.826875 0.492380 0.061375 0.275856
3 0.101328 0.518168 0.152875 0.314281
3 0.360281 0.432825 0.087969 0.255925
3 0.882164 0.535599 0.032672 0.221541
3 0.466844 0.360360 0.027719 0.173801
3 0.877266 0.687808 0.072844 0.435479
6 0.301625 0.609709 0.151156 0.125719
13 0.915438 0.275685 0.033687 0.027055
14 0.522133 0.540360 0.075203 0.130514
4 0.356555 0.438271 0.079984 0.254349
