11 0.153102 0.833156 0.201734 0.325729
11 0.330375 0.789104 0.149188 0.256458
11 0.825914 0.780438 0.227172 0.320208
11 0.938758 0.766062 0.122484 0.336750
11 0.789016 0.525698 0.116406 0.202021
11 0.706109 0.476885 0.083187 0.297937
11 0.617422 0.518927 0.107813 0.137604
11 0.514484 0.500740 0.109250 0.142229
11 0.262695 0.619094 0.120172 0.217438
11 0.041438 0.796094 0.082875 0.255271
11 0.505969 0.798167 0.147906 0.232625
11 0.665211 0.741323 0.173828 0.379271
11 0.482883 0.400448 0.067828 0.202313
11 0.326562 0.536458 0.653125 0.364583
