0 0.448750 0.655152 0.274000 0.145433
0 0.265250 0.369344 0.091500 0.172834
0 0.754703 0.724309 0.027156 0.061077
0 0.702719 0.775457 0.033906 0.097049
0 0.601930 0.644169 0.037234 0.134754
0 0.653320 0.401300 0.062391 0.038946
0 0.210687 0.374391 0.068219 0.112389
0 0.823148 0.650656 0.062391 0.153255
0 0.600445 0.804508 0.077328 0.127143
0 0.658383 0.698970 0.077547 0.109274
0 0.261539 0.701499 0.077641 0.181265
0 0.343414 0.585070 0.040234 0.064145
0 0.144727 0.825843 0.045953 0.182319
0 0.418750 0.662763 0.753125 0.622951
