2 0.398914 0.595500 0.089422 0.087667
2 0.529031 0.597375 0.104031 0.091458
2 0.670125 0.616333 0.102250 0.089583
2 0.793539 0.608385 0.098984 0.082771
2 0.884766 0.270552 0.036719 0.026729
2 0.200945 0.651333 0.094766 0.054667
2 0.967523 0.571948 0.064953 0.064521
2 0.187188 0.712875 0.097812 0.076000
2 0.189867 0.615406 0.085422 0.054938
2 0.281023 0.575063 0.074828 0.073375
2 0.292555 0.612333 0.087172 0.079708
2 0.293078 0.664510 0.091750 0.094646
2 0.298562 0.725792 0.112031 0.109000
2 0.666406 0.446875 0.664062 0.518750
