8 0.511258 0.877529 0.971547 0.244941
2 0.379578 0.632963 0.017719 0.027564
2 0.399680 0.603665 0.026547 0.031920
2 0.450469 0.626803 0.019906 0.033700
2 0.452094 0.659473 0.018906 0.029485
2 0.430984 0.659274 0.026719 0.034473
2 0.404680 0.662412 0.026609 0.032974
2 0.381078 0.661674 0.027437 0.033794
2 0.432977 0.694297 0.027016 0.037494
2 0.395234 0.758372 0.030406 0.036792
2 0.458320 0.846370 0.019609 0.044778
2 0.424164 0.760621 0.026453 0.039649
2 0.441148 0.820925 0.024703 0.033419
2 0.466859 0.816674 0.022094 0.034098
2 0.405469 0.700234 0.232813 0.548009
