3 0.242141 0.932026 0.400312 0.114590
3 0.322234 0.824520 0.288187 0.171241
3 0.376133 0.723126 0.193828 0.113934
3 0.406484 0.714309 0.159156 0.104403
3 0.430609 0.676944 0.117906 0.069344
3 0.439562 0.664649 0.105969 0.058150
3 0.805117 0.893806 0.324578 0.212389
3 0.840805 0.929309 0.318391 0.141382
3 0.351070 0.802049 0.225797 0.097447
3 0.329656 0.736241 0.132625 0.133044
3 0.415633 0.692763 0.130578 0.073817
3 0.421125 0.685597 0.122156 0.066745
3 0.734891 0.806265 0.222344 0.111733
3 0.450000 0.782201 0.900000 0.430913
