8 0.498489 0.498500 0.990234 0.970781
0 0.724742 0.519047 0.139836 0.065969
0 0.652272 0.473680 0.105105 0.069016
0 0.737635 0.654461 0.191850 0.122422
0 0.759110 0.468523 0.066136 0.053328
0 0.666475 0.756320 0.117869 0.144984
0 0.502424 0.666937 0.113185 0.065281
0 0.502705 0.614367 0.071733 0.044734
0 0.484379 0.585742 0.085527 0.051172
0 0.684520 0.570555 0.057096 0.045516
0 0.613138 0.552578 0.054988 0.025969
0 0.689005 0.455031 0.074543 0.041188
0 0.760000 0.551578 0.121077 0.094156
0 0.613689 0.512547 0.131358 0.059594
