5 0.695350 0.422867 0.297660 0.358747
5 0.496140 0.572160 0.161480 0.167573
5 0.387250 0.580307 0.101460 0.138747
5 0.339690 0.529653 0.114540 0.182347
5 0.144710 0.555640 0.049340 0.142053
5 0.034570 0.593907 0.069140 0.144347
5 0.554530 0.799987 0.147620 0.165200
5 0.984540 0.450840 0.030920 0.081307
5 0.848850 0.307533 0.008220 0.023493
5 0.787080 0.528827 0.053920 0.150560
5 0.686660 0.735360 0.116560 0.265760
5 0.892410 0.502240 0.116300 0.235947
5 0.591560 0.690800 0.125640 0.275733
5 0.420000 0.480000 0.840000 0.341333
