3 0.644781 0.882988 0.117094 0.209176
3 0.696969 0.720718 0.125625 0.362612
3 0.936055 0.523671 0.076578 0.220376
3 0.321008 0.575694 0.033484 0.092706
3 0.880859 0.467400 0.041719 0.052024
14 0.428500 0.638518 0.192938 0.189176
14 0.535523 0.488412 0.087297 0.121718
14 0.785836 0.455906 0.092234 0.104659
14 0.867109 0.388071 0.027000 0.054871
8 0.930320 0.423247 0.106641 0.058918
8 0.723797 0.537729 0.362625 0.127741
8 0.359695 0.812494 0.477297 0.338541
8 0.970016 0.843365 0.059969 0.171435
14 0.670836 0.435200 0.080891 0.092847
14 0.100719 0.813376 0.175094 0.304918
14 0.145445 0.574494 0.162203 0.165506
14 0.915641 0.379329 0.065312 0.066847
14 0.604117 0.454247 0.057016 0.084871
14 0.776219 0.380294 0.046437 0.055788
3 0.455734 0.798824 0.207969 0.402353
3 0.405305 0.532506 0.022766 0.036400
