8 0.513203 0.693892 0.973531 0.591557
2 0.424109 0.617358 0.062219 0.083160
2 0.478234 0.585012 0.093688 0.097476
2 0.561750 0.530259 0.080281 0.060849
2 0.663336 0.548632 0.090766 0.047594
2 0.700289 0.526781 0.071828 0.054222
2 0.514422 0.497936 0.073344 0.068986
2 0.432055 0.522087 0.086984 0.053042
2 0.331695 0.511297 0.072953 0.056651
2 0.322086 0.567783 0.098516 0.081934
2 0.217953 0.511179 0.077719 0.072028
2 0.625781 0.559988 0.069219 0.060307
2 0.483867 0.512300 0.064766 0.062382
2 0.518656 0.563738 0.054406 0.057288
2 0.400000 0.551887 0.518750 0.254717
