3 0.189266 0.664771 0.225125 0.414500
3 0.151211 0.339021 0.145234 0.225917
3 0.231500 0.266604 0.085562 0.134458
3 0.909625 0.768010 0.180750 0.434688
3 0.195758 0.128635 0.106516 0.054146
3 0.502359 0.161177 0.035250 0.053437
3 0.034555 0.151688 0.062359 0.065167
8 0.142211 0.202594 0.274266 0.112854
14 0.361133 0.664510 0.225734 0.360271
8 0.564336 0.400125 0.435016 0.310958
8 0.496336 0.128760 0.034703 0.014729
8 0.132219 0.097406 0.261031 0.037104
13 0.591578 0.041719 0.198875 0.078646
3 0.274516 0.366240 0.055281 0.186396
3 0.531570 0.234542 0.075359 0.071833
3 0.762617 0.924125 0.157203 0.151750
8 0.723859 0.185292 0.102219 0.065833
