3 0.394000 0.835796 0.098800 0.183604
3 0.058370 0.937823 0.104780 0.101111
3 0.289210 0.803438 0.053660 0.233844
3 0.889050 0.852673 0.091620 0.226967
8 0.070460 0.892613 0.140920 0.214775
16 0.616970 0.720736 0.013460 0.020511
16 0.512940 0.704084 0.017840 0.010751
16 0.110000 0.743168 0.045000 0.029159
3 0.955450 0.887688 0.089100 0.224625
3 0.071670 0.846426 0.142820 0.144444
3 0.817780 0.823589 0.074120 0.216486
3 0.872850 0.722958 0.012300 0.039790
3 0.012540 0.913258 0.025080 0.172042
8 0.948980 0.727417 0.102040 0.107327
