3 0.490578 0.101878 0.087688 0.129014
3 0.578664 0.101772 0.069766 0.116784
3 0.656023 0.073580 0.079047 0.046925
3 0.734953 0.110927 0.083500 0.114812
3 0.823102 0.116479 0.069359 0.106714
3 0.899008 0.087336 0.076891 0.045188
3 0.971328 0.122840 0.057344 0.117934
3 0.336805 0.079272 0.082703 0.122582
3 0.253836 0.071021 0.080328 0.125845
3 0.742836 0.195657 0.076141 0.030610
3 0.751977 0.241948 0.078734 0.051972
3 0.416687 0.094777 0.077406 0.128052
3 0.762578 0.270329 0.083531 0.037324
3 0.500000 0.292254 0.996875 0.584507
