16 0.093960 0.168973 0.029240 0.100594
16 0.102930 0.218333 0.023260 0.036667
3 0.513850 0.442192 0.065180 0.083288
3 0.034150 0.531142 0.067500 0.107306
3 0.093160 0.508402 0.039000 0.134886
3 0.267170 0.462808 0.034460 0.078037
3 0.063200 0.611986 0.062200 0.081963
3 0.756310 0.581301 0.091780 0.335571
15 0.713440 0.850822 0.039440 0.047945
16 0.935530 0.401963 0.038260 0.020913
16 0.447990 0.530845 0.013340 0.027626
13 0.456200 0.742877 0.077360 0.358447
16 0.700470 0.432374 0.034860 0.020183
3 0.741230 0.364521 0.041820 0.070868
3 0.021100 0.636712 0.042200 0.119817
3 0.251220 0.377785 0.020440 0.075845
3 0.030280 0.414886 0.035600 0.055799
