13 0.397008 0.645258 0.257328 0.259977
3 0.910953 0.743080 0.178094 0.513841
16 0.783313 0.926265 0.067500 0.126440
3 0.752695 0.497600 0.249141 0.520632
3 0.656797 0.286792 0.135344 0.131101
3 0.485227 0.288314 0.259953 0.119485
3 0.358133 0.273630 0.108484 0.150211
3 0.652820 0.241710 0.142328 0.055972
3 0.441852 0.663642 0.723078 0.672717
3 0.590602 0.214883 0.076797 0.056792
13 0.201195 0.210855 0.029547 0.044941
3 0.906078 0.672436 0.187844 0.634567
13 0.462656 0.317763 0.090312 0.086862
13 0.745883 0.334180 0.095016 0.110328
