3 0.617720 0.334551 0.195360 0.660240
3 0.809500 0.547320 0.156600 0.509671
3 0.135890 0.345060 0.211700 0.094192
3 0.404240 0.376826 0.232240 0.102994
3 0.402120 0.217201 0.237360 0.253204
3 0.810270 0.238952 0.163100 0.462335
3 0.132950 0.301527 0.223140 0.158683
3 0.403400 0.288308 0.234240 0.077934
3 0.404170 0.179790 0.239460 0.155210
3 0.817940 0.258114 0.135120 0.059820
3 0.396480 0.495928 0.225000 0.164251
3 0.131980 0.231078 0.233120 0.172934
3 0.130630 0.123608 0.218060 0.072665
3 0.448000 0.498503 0.872000 0.997006
