3 0.092961 0.245457 0.096547 0.094145
8 0.500000 0.687260 1.000000 0.625480
3 0.749516 0.276393 0.102375 0.257330
8 0.255383 0.212588 0.270641 0.038103
8 0.731148 0.194742 0.098797 0.024052
3 0.385195 0.268571 0.082672 0.100656
8 0.026859 0.212986 0.053719 0.046768
3 0.114031 0.177834 0.053750 0.042506
3 0.159867 0.183302 0.057172 0.032553
3 0.220633 0.181663 0.045859 0.035831
3 0.514281 0.318817 0.231219 0.165269
3 0.140508 0.303864 0.212047 0.152459
3 0.292438 0.299965 0.140625 0.175246
3 0.499266 0.221686 0.117094 0.038923
