3 0.752086 0.522518 0.232922 0.173419
3 0.951063 0.540281 0.097875 0.157471
3 0.058469 0.512354 0.116937 0.058431
3 0.586305 0.404169 0.110172 0.206651
8 0.504516 0.760293 0.982031 0.447190
8 0.141688 0.749590 0.283375 0.469672
8 0.827313 0.267752 0.345375 0.063091
3 0.712812 0.425714 0.145531 0.179391
3 0.827273 0.413478 0.119922 0.236885
3 0.955961 0.389379 0.088078 0.169485
3 0.682148 0.219895 0.051828 0.033747
3 0.734750 0.225269 0.055188 0.034895
3 0.141211 0.348911 0.056484 0.103255
3 0.142664 0.212155 0.027141 0.053724
8 0.731641 0.195937 0.078719 0.020351
