2 0.494141 0.896490 0.061469 0.088396
2 0.435133 0.753635 0.065453 0.065604
2 0.490633 0.771583 0.066797 0.063875
2 0.543687 0.792490 0.056531 0.067687
2 0.512359 0.833708 0.060688 0.071917
2 0.456813 0.812156 0.061437 0.075104
2 0.215453 0.765531 0.066375 0.075938
3 0.649703 0.511365 0.088000 0.111271
3 0.076883 0.520135 0.148453 0.199604
3 0.496430 0.289719 0.088203 0.185271
3 0.592789 0.375750 0.130828 0.195083
3 0.944852 0.409906 0.110078 0.193146
3 0.251133 0.407740 0.042859 0.173104
3 0.152664 0.138219 0.026109 0.031438
3 0.041047 0.404885 0.082094 0.075813
8 0.421453 0.703833 0.836156 0.572083
8 0.680625 0.255792 0.087406 0.039917
13 0.710398 0.100000 0.163484 0.173042
14 0.142297 0.252927 0.073906 0.091438
14 0.053328 0.112948 0.051094 0.037896
14 0.136391 0.200333 0.070250 0.015333
2 0.427883 0.867510 0.078734 0.083229
2 0.363023 0.843229 0.065016 0.071583
2 0.465852 0.951313 0.072578 0.077917
2 0.397156 0.918083 0.071594 0.066417
2 0.397625 0.795563 0.062062 0.068167
8 0.498094 0.235865 0.099094 0.078396
2 0.330172 0.887188 0.073031 0.059125
3 0.960070 0.922563 0.079859 0.154875
8 0.111805 0.287990 0.116359 0.046229
2 0.416406 0.644792 0.570312 0.231250
