8 0.458961 0.742946 0.623766 0.496473
8 0.834195 0.756515 0.331609 0.463320
8 0.747805 0.417645 0.315422 0.077656
3 0.847789 0.808983 0.304422 0.346058
3 0.080672 0.867842 0.161344 0.264315
3 0.557602 0.504668 0.230547 0.056598
3 0.659578 0.482884 0.199344 0.113734
3 0.766398 0.388195 0.146797 0.032241
3 0.802305 0.340757 0.103516 0.027116
3 0.947016 0.377417 0.092812 0.060643
3 0.957523 0.504803 0.079734 0.073838
3 0.759297 0.366328 0.121906 0.034855
3 0.983328 0.453517 0.023344 0.063506
8 0.938578 0.473039 0.122844 0.135747
8 0.776805 0.363485 0.228766 0.021452
