5 0.689094 0.512563 0.208875 0.197667
5 0.086594 0.322240 0.099875 0.120396
5 0.794133 0.249812 0.057984 0.107958
5 0.320344 0.219948 0.230375 0.432729
4 0.642742 0.487708 0.537109 0.316125
4 0.202062 0.562812 0.402094 0.413667
4 0.532945 0.283104 0.214953 0.106500
4 0.089078 0.392146 0.178156 0.097458
3 0.343172 0.847896 0.337594 0.304208
3 0.902922 0.436292 0.101750 0.269083
3 0.854047 0.322250 0.056937 0.062708
3 0.112055 0.263479 0.086453 0.081167
3 0.170336 0.321698 0.131297 0.114437
5 0.970422 0.387500 0.059156 0.120292
5 0.976539 0.128208 0.046922 0.141667
5 0.451680 0.216385 0.015234 0.040188
5 0.028453 0.135479 0.056906 0.091667
5 0.945969 0.148906 0.028250 0.048104
5 0.834414 0.133219 0.054953 0.094271
