3 0.400758 0.831927 0.135828 0.336146
3 0.536438 0.842635 0.052000 0.063354
8 0.765164 0.846063 0.465172 0.307875
16 0.869164 0.751844 0.034297 0.016563
3 0.880914 0.956542 0.089922 0.086917
3 0.078164 0.606177 0.048516 0.028646
14 0.101344 0.706698 0.177062 0.145521
14 0.252531 0.616437 0.132781 0.102708
14 0.957633 0.717490 0.084734 0.138854
14 0.595094 0.587469 0.051094 0.076646
14 0.809719 0.645437 0.084906 0.073458
14 0.914516 0.628521 0.136281 0.089417
14 0.581180 0.684354 0.136328 0.121167
14 0.454375 0.607271 0.052031 0.079458
14 0.338938 0.617208 0.068031 0.093458
3 0.691406 0.945583 0.017250 0.018792
