2 0.326570 0.319042 0.085422 0.118417
2 0.512070 0.284729 0.097828 0.112125
2 0.598992 0.576854 0.098422 0.127625
2 0.609844 0.277135 0.102031 0.123438
2 0.757406 0.884667 0.110438 0.138792
2 0.704797 0.546625 0.077844 0.084875
2 0.543766 0.910750 0.094406 0.075375
2 0.717008 0.476490 0.095891 0.066354
2 0.892938 0.550844 0.115656 0.168313
2 0.453414 0.899854 0.088609 0.070125
2 0.873398 0.938792 0.142484 0.122417
2 0.887180 0.877208 0.136297 0.128958
2 0.377242 0.910427 0.079922 0.139187
2 0.499219 0.498958 0.998437 0.997917
