2 0.780100 0.497187 0.094640 0.049893
2 0.696790 0.520280 0.089540 0.063067
2 0.164200 0.472160 0.072720 0.049653
2 0.574230 0.493480 0.085100 0.058693
2 0.775340 0.548427 0.101360 0.065333
2 0.677510 0.433387 0.078620 0.053760
2 0.567100 0.464693 0.076680 0.053547
2 0.487830 0.506987 0.068500 0.058240
2 0.527390 0.531973 0.098820 0.043253
2 0.803250 0.445667 0.076380 0.045733
2 0.924570 0.546693 0.096740 0.074133
2 0.965910 0.473413 0.067540 0.056747
2 0.988180 0.495227 0.023640 0.040587
2 0.499000 0.556000 0.998000 0.376000
