3 0.637589 0.879875 0.124630 0.111719
3 0.304726 0.828914 0.040668 0.070547
3 0.407768 0.841766 0.056396 0.080281
3 0.472864 0.850266 0.102100 0.086844
3 0.554272 0.870367 0.083389 0.105953
3 0.762494 0.872086 0.127900 0.106891
3 0.722697 0.823555 0.078329 0.023641
3 0.601802 0.818984 0.083461 0.033344
3 0.563795 0.808719 0.066444 0.022187
3 0.352303 0.832359 0.075442 0.072813
3 0.824081 0.813422 0.065919 0.030062
3 0.466396 0.804719 0.051217 0.029563
8 0.678282 0.876781 0.089690 0.091812
8 0.516026 0.816812 0.071909 0.007938
3 0.496086 0.809719 0.068974 0.034781
8 0.942076 0.836055 0.067446 0.019484
3 0.764916 0.826562 0.303103 0.075000
