3 0.089985 0.962530 0.102179 0.066500
14 0.301209 0.882800 0.120209 0.050440
14 0.565687 0.898480 0.117940 0.050760
14 0.508687 0.846170 0.065493 0.027820
14 0.756149 0.925460 0.054388 0.024840
15 0.372403 0.913150 0.034299 0.013900
3 0.241015 0.973940 0.213612 0.052120
3 0.775328 0.906560 0.104388 0.039000
3 0.182537 0.871430 0.107403 0.032780
3 0.406910 0.882080 0.039672 0.037200
3 0.438627 0.879740 0.095582 0.052840
3 0.107209 0.865810 0.055970 0.031980
3 0.802925 0.836820 0.044955 0.019920
14 0.964925 0.845850 0.070149 0.031580
14 0.102731 0.831820 0.052448 0.024000
14 0.256970 0.787030 0.020507 0.011420
15 0.476388 0.922390 0.025791 0.012180
14 0.056955 0.789080 0.024179 0.010160
