0 0.449461 0.639953 0.029766 0.059485
0 0.443914 0.550176 0.033203 0.044379
0 0.441070 0.578794 0.029547 0.032998
0 0.352523 0.500129 0.039047 0.010562
0 0.462086 0.524696 0.012328 0.015105
0 0.471555 0.647155 0.023297 0.015433
0 0.405883 0.723337 0.046141 0.071639
0 0.455680 0.591007 0.038422 0.032178
0 0.391148 0.528852 0.052578 0.026276
0 0.339594 0.610082 0.039219 0.054262
0 0.443156 0.608841 0.040500 0.027939
0 0.328500 0.665738 0.018906 0.085574
0 0.486289 0.541745 0.044078 0.009766
0 0.431250 0.594848 0.450000 0.341920
