4 0.372820 0.598885 0.147609 0.127066
8 0.657766 0.724460 0.304250 0.171690
13 0.514797 0.452042 0.109000 0.090329
3 0.622992 0.862923 0.124141 0.247207
3 0.880844 0.690059 0.082156 0.174624
3 0.756086 0.722852 0.102984 0.169178
3 0.669789 0.661502 0.072828 0.101315
3 0.555617 0.709707 0.073453 0.188427
3 0.769227 0.848498 0.123359 0.271315
3 0.208758 0.737453 0.154953 0.174343
3 0.177250 0.929214 0.351500 0.119085
3 0.514961 0.769941 0.084859 0.223967
3 0.689453 0.597793 0.045156 0.065587
13 0.511117 0.581150 0.094672 0.101315
