15 0.845958 0.548211 0.022083 0.025672
15 0.749740 0.548164 0.019979 0.025078
15 0.696625 0.549438 0.019667 0.025125
15 0.701719 0.426945 0.026062 0.027891
15 0.659698 0.374484 0.030604 0.028750
15 0.615448 0.319727 0.024771 0.024453
15 0.483865 0.318063 0.019563 0.030312
15 0.438333 0.318766 0.019708 0.027406
15 0.442104 0.368906 0.019875 0.024969
15 0.351448 0.412813 0.023271 0.020438
15 0.654000 0.320539 0.045667 0.039797
15 0.484385 0.372047 0.018188 0.024219
15 0.703323 0.375844 0.024021 0.028125
15 0.701260 0.319977 0.021146 0.024859
15 0.749021 0.374453 0.027792 0.030000
15 0.541667 0.488281 0.895833 0.385937
