3 0.694140 0.763393 0.037240 0.048829
3 0.741640 0.866727 0.045240 0.166486
3 0.654950 0.690045 0.032020 0.013123
3 0.583780 0.757793 0.026440 0.056006
3 0.516370 0.704730 0.037260 0.064835
3 0.480180 0.653468 0.017480 0.058108
8 0.633480 0.709550 0.067200 0.038138
8 0.907770 0.890646 0.097580 0.045676
8 0.740060 0.763243 0.032160 0.032192
8 0.601490 0.669384 0.050500 0.043874
8 0.506010 0.618979 0.057140 0.018559
8 0.389400 0.554730 0.033240 0.015345
8 0.979380 0.592492 0.041240 0.042102
8 0.861810 0.564670 0.024780 0.023393
8 0.399610 0.564174 0.015580 0.010390
8 0.800960 0.818468 0.089160 0.040240
