2 0.426023 0.615692 0.042516 0.029366
2 0.444406 0.595869 0.052656 0.034085
2 0.179586 0.643016 0.035734 0.020681
2 0.202461 0.632617 0.047484 0.029225
2 0.240695 0.634531 0.047422 0.027324
2 0.255750 0.618380 0.047156 0.041268
2 0.290625 0.629894 0.048281 0.043967
2 0.325906 0.639601 0.052250 0.041925
2 0.329273 0.565399 0.042672 0.030000
2 0.598844 0.488627 0.027750 0.027066
2 0.638266 0.492441 0.032875 0.031315
2 0.639305 0.461056 0.032078 0.026620
2 0.475172 0.570869 0.023250 0.027183
13 0.659844 0.290340 0.040375 0.041291
2 0.499219 0.591549 0.695312 0.314554
