3 0.252490 0.586413 0.150980 0.125825
3 0.546870 0.551863 0.051420 0.074475
3 0.723550 0.558337 0.164300 0.105375
3 0.840470 0.561538 0.100940 0.136825
8 0.489410 0.489863 0.534580 0.068225
8 0.602350 0.854112 0.745420 0.268225
5 0.272370 0.295800 0.087860 0.125500
1 0.400000 0.792563 0.361360 0.175275
3 0.215000 0.547737 0.112800 0.180625
3 0.048890 0.498200 0.094500 0.182150
3 0.921570 0.592138 0.156860 0.114625
3 0.057530 0.615725 0.115060 0.085400
3 0.765750 0.492088 0.117860 0.041725
3 0.619200 0.552388 0.065560 0.073575
3 0.520450 0.609437 0.408100 0.060675
8 0.920020 0.494775 0.159960 0.029550
3 0.943340 0.520887 0.109800 0.051475
8 0.828500 0.470250 0.315520 0.044750
3 0.418940 0.541500 0.088240 0.052700
