13 0.889883 0.487719 0.035141 0.045437
13 0.824398 0.465042 0.036484 0.047875
3 0.069203 0.771708 0.112656 0.221042
13 0.946477 0.467896 0.038484 0.028625
16 0.625836 0.622073 0.043047 0.025229
3 0.150844 0.893260 0.301687 0.213479
3 0.407797 0.873323 0.167594 0.253354
3 0.858937 0.613656 0.049781 0.065354
3 0.454930 0.722219 0.047422 0.082021
3 0.869258 0.654500 0.065172 0.114583
3 0.342852 0.729219 0.046141 0.066062
3 0.053258 0.597531 0.081359 0.127354
3 0.019453 0.662375 0.036750 0.027042
16 0.900039 0.519365 0.015609 0.012354
16 0.309734 0.629969 0.038062 0.026229
