5 0.864016 0.153344 0.055531 0.072938
5 0.385289 0.124385 0.034859 0.038062
5 0.212133 0.133854 0.024078 0.024083
8 0.570883 0.811760 0.760578 0.352938
8 0.199414 0.631177 0.391766 0.385896
1 0.216297 0.772885 0.118250 0.083479
1 0.297039 0.730187 0.098703 0.067750
1 0.301250 0.672917 0.094781 0.079458
1 0.101969 0.641385 0.107844 0.067854
1 0.063523 0.489750 0.052297 0.050000
1 0.023547 0.535000 0.047094 0.045333
1 0.777586 0.951854 0.100516 0.094625
1 0.404219 0.924677 0.114937 0.124688
1 0.509281 0.929719 0.120594 0.140563
1 0.123875 0.608458 0.056250 0.055625
1 0.246570 0.379771 0.037734 0.035708
1 0.797281 0.870073 0.065438 0.058479
1 0.349344 0.462740 0.025250 0.041771
1 0.051562 0.465625 0.100000 0.302083
