3 0.705050 0.270973 0.040980 0.054640
3 0.740870 0.137360 0.048420 0.045973
3 0.575650 0.277920 0.046020 0.054827
3 0.561070 0.148973 0.054300 0.046960
3 0.661440 0.271933 0.041440 0.056987
3 0.790560 0.269080 0.052120 0.066640
3 0.829380 0.264200 0.043440 0.056293
3 0.620250 0.275920 0.047220 0.057973
3 0.908930 0.257853 0.045380 0.053627
3 0.951340 0.257160 0.045480 0.056773
3 0.523480 0.281587 0.032280 0.060667
3 0.443080 0.272627 0.036520 0.030267
14 0.760140 0.326093 0.051920 0.041467
14 0.911750 0.390093 0.047620 0.030053
14 0.830510 0.325133 0.029860 0.026533
3 0.869270 0.260840 0.046660 0.053040
3 0.499000 0.268000 0.998000 0.290667
