13 0.756867 0.275427 0.127891 0.130729
8 0.492359 0.557646 0.296469 0.136458
8 0.026070 0.550615 0.052141 0.085021
8 0.868375 0.845667 0.159781 0.219167
8 0.920859 0.519958 0.034156 0.039250
8 0.631250 0.393552 0.404406 0.052021
14 0.518719 0.364917 0.036437 0.034875
14 0.776320 0.384375 0.038797 0.043333
14 0.907344 0.400771 0.039188 0.046917
14 0.657742 0.386854 0.036141 0.010583
3 0.341734 0.758208 0.150406 0.286500
3 0.073070 0.754833 0.146141 0.278458
3 0.026992 0.505104 0.053172 0.037708
3 0.478344 0.820208 0.156531 0.305833
3 0.595391 0.458344 0.064687 0.125521
3 0.413391 0.480615 0.071500 0.033604
3 0.822227 0.652510 0.047328 0.081771
3 0.357883 0.389927 0.029766 0.057688
3 0.465242 0.461240 0.037672 0.065271
3 0.642484 0.789646 0.042250 0.099375
8 0.529703 0.346917 0.197188 0.064333
8 0.738234 0.339344 0.071125 0.017437
3 0.683891 0.916948 0.148844 0.163521
3 0.780172 0.481156 0.069312 0.094729
8 0.271828 0.463167 0.215250 0.119833
8 0.905086 0.372031 0.073422 0.083354
8 0.034437 0.579313 0.068875 0.122792
14 0.710703 0.379885 0.042688 0.041438
3 0.087352 0.433885 0.014578 0.035896
