5 0.697529 0.775383 0.420513 0.404922
3 0.366107 0.875844 0.219814 0.186719
3 0.196329 0.871984 0.192331 0.188094
3 0.572960 0.809195 0.084755 0.136359
3 0.367168 0.764008 0.090559 0.028922
3 0.214988 0.748883 0.079674 0.067359
3 0.498904 0.774547 0.080000 0.026031
3 0.409312 0.755500 0.066317 0.043406
3 0.976573 0.840727 0.037855 0.161359
8 0.360909 0.790039 0.362890 0.045484
8 0.911189 0.828969 0.104382 0.122938
8 0.280734 0.740898 0.074196 0.051922
3 0.904126 0.756141 0.093287 0.036000
3 0.327669 0.725680 0.080233 0.065141
3 0.330303 0.691016 0.051655 0.011250
8 0.500699 0.732516 0.029091 0.010250
