5 0.234656 0.174677 0.163000 0.177812
3 0.741063 0.354979 0.080187 0.129750
3 0.396789 0.276000 0.137766 0.080750
3 0.970445 0.479469 0.059109 0.164729
4 0.627125 0.213781 0.345531 0.154771
2 0.224609 0.772062 0.071156 0.071167
2 0.269359 0.829031 0.075500 0.054854
2 0.289344 0.785448 0.070594 0.069604
2 0.306102 0.722333 0.062109 0.069875
2 0.246883 0.711177 0.073547 0.069979
2 0.366516 0.725396 0.063094 0.061625
2 0.338250 0.839865 0.074156 0.057854
2 0.200492 0.817813 0.072016 0.049667
2 0.355992 0.782250 0.065484 0.066833
14 0.697531 0.470615 0.157750 0.185021
14 0.506203 0.380927 0.220094 0.212188
14 0.287281 0.281427 0.221250 0.180771
15 0.873062 0.704552 0.081312 0.055271
5 0.981203 0.322094 0.037594 0.154063
14 0.768461 0.728417 0.328359 0.484458
