2 0.781867 0.601247 0.045141 0.042774
2 0.794898 0.582867 0.040234 0.036783
2 0.679836 0.514930 0.039172 0.030606
2 0.208508 0.607529 0.353078 0.207319
2 0.803125 0.570338 0.042875 0.041329
2 0.907648 0.567308 0.040359 0.034289
2 0.949453 0.646049 0.054531 0.050000
2 0.892203 0.634254 0.049750 0.049487
2 0.732125 0.584406 0.043531 0.036364
2 0.946289 0.617133 0.050859 0.032075
2 0.129273 0.660548 0.044797 0.046270
3 0.074711 0.305035 0.102516 0.096737
2 0.946898 0.596550 0.051547 0.037762
2 0.479687 0.516317 0.243750 0.962704
