5 0.201406 0.588073 0.294937 0.292146
5 0.209367 0.151917 0.031234 0.068500
5 0.041273 0.079906 0.057109 0.144563
3 0.237039 0.400896 0.327859 0.180667
8 0.502633 0.694604 0.994734 0.578458
3 0.498437 0.342510 0.124250 0.208729
3 0.928664 0.593604 0.142672 0.369375
3 0.135047 0.222365 0.106469 0.180063
3 0.139297 0.131437 0.073156 0.028583
3 0.357852 0.319896 0.162891 0.253583
1 0.303531 0.845292 0.607062 0.282500
8 0.731555 0.402719 0.263297 0.327729
8 0.223586 0.241469 0.118328 0.140229
8 0.052156 0.178615 0.104313 0.069729
3 0.023203 0.377854 0.045937 0.199125
3 0.127352 0.323198 0.163922 0.309646
