2 0.838911 0.442813 0.047330 0.024750
2 0.863618 0.437602 0.048501 0.033641
2 0.948454 0.318039 0.036628 0.016516
2 0.910234 0.322234 0.035644 0.011562
2 0.865515 0.323047 0.040304 0.010594
2 0.858419 0.312594 0.036557 0.012188
2 0.822576 0.319023 0.040843 0.020016
2 0.896745 0.312578 0.028618 0.012875
2 0.904274 0.288484 0.033653 0.016500
2 0.816956 0.305398 0.031803 0.013234
2 0.317400 0.252234 0.034614 0.018125
2 0.059169 0.340320 0.041007 0.013359
2 0.892459 0.435961 0.049368 0.033797
2 0.484778 0.257812 0.969555 0.203125
