3 0.247852 0.254552 0.097266 0.138187
3 0.235336 0.177167 0.068953 0.087792
3 0.151203 0.171448 0.065250 0.088479
3 0.087109 0.140542 0.070969 0.130750
3 0.162195 0.059094 0.068578 0.047271
3 0.229563 0.064375 0.062656 0.042292
3 0.299711 0.071708 0.045391 0.048417
3 0.879484 0.185906 0.049656 0.101688
3 0.480055 0.260333 0.062266 0.041500
3 0.075148 0.049490 0.045141 0.038563
3 0.222117 0.104396 0.066984 0.040125
3 0.152086 0.112948 0.064547 0.067646
3 0.382438 0.164896 0.056906 0.042917
3 0.114844 0.295833 0.173437 0.170833
