3 0.169141 0.473938 0.039313 0.117958
3 0.193000 0.504250 0.025656 0.136083
3 0.244953 0.560135 0.058906 0.166437
8 0.670586 0.800781 0.441172 0.345896
3 0.900000 0.863063 0.200000 0.273875
3 0.482375 0.480906 0.032031 0.044104
3 0.516055 0.497917 0.038141 0.041083
3 0.452164 0.634146 0.125953 0.168833
3 0.949070 0.627115 0.101859 0.230979
5 0.080617 0.369802 0.031516 0.080479
3 0.209945 0.532500 0.025453 0.161583
3 0.320883 0.632812 0.102328 0.165083
8 0.368234 0.551719 0.364250 0.336979
3 0.449859 0.462792 0.033281 0.040292
3 0.036281 0.361677 0.072063 0.108437
3 0.424188 0.446854 0.023750 0.035833
3 0.624219 0.391667 0.054688 0.075000
