3 0.551070 0.327049 0.020953 0.049321
3 0.612469 0.184098 0.079250 0.126276
3 0.586656 0.205843 0.076344 0.076276
3 0.538055 0.147939 0.067172 0.046464
3 0.574680 0.106557 0.067641 0.042014
3 0.354227 0.192096 0.069234 0.055948
3 0.465570 0.145597 0.073609 0.042108
3 0.390992 0.145831 0.080766 0.040562
3 0.915086 0.339157 0.069266 0.055644
3 0.755469 0.336300 0.073438 0.049180
3 0.284031 0.183806 0.066281 0.040023
3 0.432109 0.179848 0.065906 0.032342
3 0.498016 0.104813 0.067625 0.041335
3 0.500000 0.209602 0.996875 0.419204
