0 0.274328 0.716885 0.012188 0.082271
0 0.260773 0.434969 0.068922 0.041021
0 0.128555 0.586031 0.049891 0.082687
0 0.209047 0.464625 0.053500 0.045917
1 0.498719 0.105896 0.258719 0.179292
0 0.217922 0.601844 0.070187 0.102604
0 0.133664 0.626583 0.025109 0.018833
0 0.222039 0.361719 0.041516 0.055354
0 0.246039 0.468531 0.057953 0.050979
0 0.254773 0.403375 0.031141 0.051417
0 0.264156 0.666427 0.038500 0.028354
0 0.618297 0.382729 0.018469 0.043250
0 0.679688 0.497396 0.053844 0.054583
0 0.451562 0.522917 0.493750 0.345833
