8 0.601930 0.588899 0.137016 0.131007
8 0.390820 0.784204 0.160641 0.209438
8 0.482789 0.441042 0.109922 0.089297
3 0.463047 0.924403 0.064250 0.102810
3 0.166961 0.557658 0.030109 0.072459
3 0.603945 0.742951 0.048516 0.069696
3 0.386734 0.972845 0.065406 0.054309
3 0.504055 0.827600 0.033078 0.123021
3 0.508875 0.658372 0.038750 0.100023
3 0.550430 0.720738 0.055859 0.082553
5 0.778430 0.234379 0.051453 0.146276
5 0.180312 0.303548 0.054312 0.126768
3 0.263570 0.682471 0.069609 0.076183
3 0.206266 0.663747 0.062219 0.089789
3 0.660930 0.718794 0.053484 0.081944
3 0.467797 0.545644 0.045562 0.064356
3 0.466000 0.691792 0.019000 0.032014
8 0.283570 0.555258 0.129297 0.119321
8 0.761367 0.447131 0.125172 0.110609
8 0.159773 0.478349 0.119484 0.116557
8 0.574531 0.328548 0.093344 0.082295
8 0.857453 0.759262 0.135875 0.214637
3 0.771359 0.828478 0.072969 0.122857
3 0.475781 0.500000 0.732812 0.311475
