4 0.567187 0.636811 0.865625 0.648201
4 0.207813 0.374194 0.409875 0.318294
4 0.716203 0.295736 0.413750 0.141752
14 0.608336 0.178143 0.067797 0.072407
14 0.703695 0.218037 0.054016 0.055093
14 0.322367 0.555958 0.113172 0.172150
3 0.365727 0.180175 0.043828 0.128808
5 0.679234 0.047453 0.098188 0.067897
16 0.670734 0.624895 0.056250 0.035210
16 0.389766 0.582944 0.077187 0.106636
16 0.718242 0.604638 0.024484 0.032360
16 0.469773 0.873727 0.103047 0.098061
16 0.451500 0.936612 0.048156 0.051308
14 0.168172 0.345175 0.103062 0.068014
3 0.475398 0.147956 0.049453 0.070631
14 0.956094 0.685526 0.087813 0.080070
3 0.873672 0.155304 0.080469 0.089533
