2 0.522766 0.544486 0.039500 0.033505
2 0.553180 0.526928 0.037297 0.031192
2 0.581828 0.577266 0.029937 0.040327
2 0.559789 0.554369 0.041609 0.032103
2 0.424922 0.582243 0.040344 0.046168
2 0.507477 0.647944 0.040609 0.038785
2 0.477906 0.630713 0.047688 0.054603
2 0.459070 0.592897 0.046328 0.032664
2 0.401031 0.604661 0.040438 0.039276
2 0.437094 0.617325 0.043906 0.033341
2 0.450219 0.654065 0.053250 0.044813
2 0.405406 0.636682 0.047531 0.039673
8 0.397070 0.617196 0.564266 0.731776
2 0.499367 0.608388 0.032484 0.040794
2 0.482812 0.596963 0.271875 0.189252
