3 0.947820 0.763042 0.102859 0.202458
3 0.109797 0.836708 0.216219 0.301792
3 0.358727 0.730594 0.043547 0.058562
8 0.060937 0.563062 0.107219 0.053375
16 0.550961 0.464615 0.062922 0.089687
16 0.445570 0.623781 0.043203 0.032063
3 0.174328 0.551854 0.034531 0.040917
3 0.526961 0.733917 0.060828 0.265083
3 0.043312 0.527604 0.042688 0.031000
3 0.182977 0.710792 0.015328 0.058917
8 0.963477 0.892437 0.073047 0.215125
8 0.025250 0.723354 0.049969 0.113625
16 0.728289 0.589771 0.052109 0.022583
3 0.903117 0.945833 0.048891 0.105333
16 0.209344 0.558354 0.048000 0.052083
16 0.684891 0.504656 0.018969 0.024479
