3 0.189656 0.834836 0.145437 0.330328
3 0.153055 0.557787 0.118172 0.224848
3 0.234430 0.459508 0.052297 0.108571
3 0.305500 0.409848 0.048656 0.061007
3 0.356828 0.380925 0.053812 0.062412
3 0.427086 0.359836 0.048359 0.048571
3 0.420250 0.342939 0.059125 0.100304
3 0.348320 0.358361 0.061141 0.101967
3 0.276859 0.377763 0.061625 0.119508
3 0.194203 0.654063 0.122938 0.185457
3 0.117727 0.431171 0.135703 0.162014
3 0.061367 0.500222 0.122734 0.244895
14 0.937797 0.878653 0.124406 0.211218
14 0.391617 0.643103 0.201578 0.212061
14 0.332008 0.545422 0.137734 0.163724
14 0.326813 0.494333 0.129312 0.133349
14 0.379133 0.407330 0.107797 0.101358
14 0.427375 0.382541 0.104813 0.092576
14 0.607398 0.326838 0.039859 0.067541
14 0.338914 0.447834 0.118734 0.110047
3 0.213086 0.370691 0.049047 0.087049
14 0.610328 0.777717 0.289281 0.284754
14 0.480008 0.365761 0.036359 0.052178
3 0.499219 0.639344 0.998437 0.716628
