5 0.767695 0.867417 0.166859 0.211250
5 0.099984 0.119885 0.199969 0.141563
3 0.074188 0.835490 0.141937 0.264521
3 0.826586 0.850229 0.287516 0.142125
3 0.288766 0.940437 0.333500 0.119125
3 0.597578 0.807531 0.150000 0.243021
3 0.988437 0.850740 0.022844 0.137104
8 0.752352 0.883531 0.495297 0.232937
8 0.874117 0.701656 0.251766 0.091979
5 0.871297 0.692594 0.071375 0.109604
8 0.632289 0.689063 0.051547 0.061375
8 0.887555 0.779083 0.224891 0.089250
5 0.890648 0.105812 0.218703 0.137708
8 0.017391 0.724865 0.034781 0.044479
3 0.716305 0.811219 0.175766 0.184021
3 0.816008 0.662104 0.056797 0.096708
3 0.722078 0.680229 0.138219 0.084917
