3 0.442941 0.088461 0.127018 0.056328
3 0.619462 0.091273 0.123590 0.058766
3 0.852444 0.147750 0.123874 0.062094
3 0.384807 0.184156 0.065436 0.040031
3 0.759848 0.090156 0.115030 0.052594
3 0.605172 0.031336 0.127505 0.061734
3 0.632069 0.186148 0.131237 0.043141
3 0.519412 0.180852 0.073387 0.038547
3 0.817099 0.058367 0.119189 0.085516
3 0.918357 0.190398 0.130588 0.046516
3 0.857566 0.092156 0.067911 0.049406
3 0.435426 0.134164 0.055558 0.056609
3 0.261146 0.113437 0.125132 0.018219
3 0.617647 0.087500 0.760649 0.175000
