1 0.604391 0.620312 0.040500 0.029329
1 0.083305 0.772859 0.090047 0.088542
1 0.646109 0.506470 0.033375 0.035162
3 0.774750 0.746771 0.076875 0.298588
3 0.821500 0.656748 0.059750 0.244792
3 0.861969 0.627604 0.069094 0.261319
3 0.904766 0.555972 0.044875 0.215556
3 0.929211 0.511690 0.042672 0.190833
3 0.963914 0.481273 0.062391 0.182731
3 0.033250 0.703414 0.066500 0.239144
8 0.289609 0.494282 0.313594 0.169537
8 0.986008 0.829850 0.027984 0.129097
8 0.255984 0.481644 0.039625 0.054167
3 0.202406 0.628507 0.054375 0.202153
3 0.310258 0.548171 0.050984 0.114583
3 0.558125 0.908056 0.100031 0.183889
3 0.408266 0.499051 0.033656 0.094491
5 0.734258 0.267072 0.055891 0.099190
8 0.470805 0.679850 0.621203 0.512523
3 0.956984 0.358831 0.029281 0.071505
3 0.521094 0.657407 0.757812 0.680556
