3 0.108847 0.401687 0.217694 0.204505
8 0.500000 0.642828 1.000000 0.714343
2 0.541971 0.668535 0.175898 0.098889
2 0.359786 0.689798 0.180429 0.109818
2 0.187480 0.713424 0.172869 0.106364
2 0.182279 0.794061 0.206327 0.085374
2 0.384048 0.765152 0.202788 0.087313
2 0.591354 0.735909 0.210643 0.080222
2 0.636448 0.509838 0.134397 0.078869
2 0.766810 0.527111 0.158981 0.074101
2 0.911702 0.549323 0.176595 0.065232
2 0.772761 0.565333 0.130509 0.028970
3 0.266488 0.310475 0.099571 0.111253
2 0.922654 0.583556 0.153619 0.037091
