3 0.713047 0.850071 0.402235 0.299859
3 0.701659 0.671517 0.153435 0.052910
3 0.099153 0.836711 0.138212 0.326578
3 0.607224 0.646861 0.172141 0.067196
3 0.841247 0.646314 0.105741 0.121411
3 0.928965 0.605855 0.067247 0.055697
3 0.674388 0.596711 0.090235 0.039206
3 0.237271 0.859709 0.176376 0.280582
8 0.801871 0.639577 0.309106 0.125750
3 0.512518 0.659524 0.100000 0.036085
3 0.545953 0.607866 0.104094 0.022081
8 0.432541 0.709630 0.851200 0.153651
8 0.437012 0.619718 0.191059 0.085044
3 0.970271 0.762557 0.059459 0.144480
8 0.905588 0.666922 0.188824 0.096032
