3 0.652633 0.253513 0.023016 0.017752
3 0.670891 0.207740 0.026937 0.043349
3 0.676617 0.169368 0.021609 0.015738
3 0.647578 0.201979 0.023688 0.032436
3 0.778680 0.319087 0.019703 0.014754
3 0.722562 0.180726 0.023625 0.040047
3 0.500727 0.366323 0.035047 0.077892
3 0.653398 0.176218 0.022734 0.032576
3 0.718766 0.199040 0.025562 0.017518
3 0.650273 0.118454 0.021141 0.025152
3 0.657266 0.140117 0.020375 0.014098
3 0.648609 0.239052 0.025438 0.038665
3 0.094570 0.155433 0.028266 0.024918
3 0.500000 0.166276 0.996875 0.327869
