8 0.873031 0.541573 0.249437 0.130354
1 0.589695 0.924531 0.276391 0.150938
1 0.524109 0.474656 0.136375 0.089271
3 0.938031 0.444990 0.120094 0.094313
3 0.854055 0.506677 0.094516 0.263896
3 0.230797 0.605052 0.097437 0.271521
3 0.230016 0.523312 0.097625 0.191542
3 0.230469 0.483854 0.093750 0.209375
3 0.227164 0.446333 0.090578 0.200542
3 0.220437 0.240240 0.091844 0.232021
3 0.224461 0.345396 0.092391 0.179458
3 0.221109 0.328854 0.088938 0.143167
8 0.500000 0.889688 1.000000 0.220625
8 0.873375 0.434531 0.210062 0.041854
3 0.936133 0.762688 0.127203 0.253250
3 0.805102 0.674635 0.102703 0.093854
3 0.228891 0.396104 0.091563 0.158458
3 0.217969 0.437500 0.085938 0.145833
