8 0.239695 0.187080 0.112359 0.053308
8 0.540406 0.520877 0.560094 0.785564
3 0.059234 0.271178 0.114656 0.162306
3 0.135898 0.229211 0.120484 0.130351
3 0.268930 0.136617 0.069203 0.067118
3 0.395492 0.102494 0.050391 0.083734
3 0.623648 0.097882 0.049734 0.085789
3 0.640289 0.028634 0.025109 0.057268
3 0.019914 0.539950 0.039828 0.088922
3 0.924125 0.696203 0.151750 0.607594
3 0.672781 0.093083 0.044594 0.066566
3 0.039672 0.431165 0.079344 0.124687
3 0.615117 0.029975 0.032172 0.059950
3 0.937703 0.895464 0.124594 0.209073
3 0.917508 0.288847 0.034641 0.065965
8 0.019516 0.356842 0.039031 0.056792
8 0.525727 0.750301 0.712266 0.474085
3 0.499219 0.498747 0.998437 0.997494
