3 0.853117 0.744883 0.198297 0.289720
3 0.704328 0.668715 0.097281 0.156636
3 0.618102 0.589252 0.034078 0.068832
3 0.427500 0.572944 0.058906 0.061028
3 0.354336 0.600549 0.022609 0.072687
3 0.588180 0.560596 0.022547 0.050537
3 0.403508 0.537044 0.012766 0.006565
3 0.188359 0.623703 0.063531 0.114603
3 0.065359 0.674953 0.130719 0.203925
3 0.278945 0.608773 0.045422 0.084229
3 0.061812 0.497161 0.123375 0.152967
3 0.925703 0.793353 0.148250 0.337453
3 0.604633 0.558178 0.007922 0.020514
3 0.568930 0.558610 0.014703 0.029463
3 0.417187 0.665888 0.746875 0.242991
