3 0.541914 0.611604 0.113203 0.202792
3 0.505125 0.633833 0.137875 0.192917
3 0.864898 0.807635 0.203828 0.356063
3 0.352250 0.838010 0.293250 0.316854
3 0.471914 0.756177 0.168547 0.343813
3 0.830633 0.676448 0.154047 0.221146
3 0.819187 0.602927 0.123906 0.136146
5 0.753297 0.509312 0.163969 0.337250
8 0.154727 0.614427 0.139328 0.206396
8 0.619586 0.835510 0.145609 0.201729
8 0.611695 0.961656 0.222078 0.076688
8 0.648641 0.709490 0.094312 0.117854
8 0.105617 0.844792 0.209734 0.298750
3 0.909742 0.916885 0.175328 0.140271
3 0.504586 0.546552 0.052859 0.105438
3 0.098633 0.618500 0.150391 0.197917
3 0.185797 0.598010 0.080625 0.205396
