13 0.489281 0.429146 0.113437 0.098083
3 0.510102 0.869083 0.245734 0.261833
3 0.771133 0.888365 0.297391 0.223271
3 0.510859 0.722708 0.154219 0.111875
3 0.881914 0.792604 0.207828 0.180250
3 0.592102 0.706635 0.116641 0.138896
3 0.738867 0.701240 0.116109 0.110729
3 0.895898 0.689927 0.129234 0.060021
3 0.925859 0.705063 0.140000 0.142083
3 0.104492 0.851687 0.188766 0.269667
3 0.364883 0.750562 0.139891 0.179792
3 0.782891 0.664000 0.105219 0.079333
3 0.685516 0.757302 0.178062 0.148104
3 0.287062 0.859229 0.245906 0.279250
3 0.962500 0.904167 0.065625 0.154167
