16 0.771270 0.510173 0.065300 0.041093
16 0.479240 0.602720 0.030880 0.032853
16 0.262980 0.704147 0.043360 0.050907
3 0.054780 0.884267 0.109560 0.231467
3 0.511060 0.354787 0.076480 0.191973
3 0.818480 0.331533 0.090080 0.165147
3 0.414610 0.631467 0.283140 0.395520
3 0.243010 0.347880 0.061540 0.103813
3 0.711510 0.646760 0.211260 0.224293
3 0.466560 0.293080 0.070040 0.124773
3 0.453340 0.344267 0.063640 0.117120
3 0.880470 0.385573 0.100620 0.195733
3 0.541540 0.346080 0.036520 0.103573
3 0.273480 0.274427 0.028000 0.037973
3 0.081820 0.671773 0.163640 0.333467
3 0.600000 0.600000 0.736000 0.746667
