8 0.221922 0.814344 0.056656 0.017104
8 0.315023 0.857406 0.081484 0.025229
3 0.504742 0.898146 0.089859 0.149583
8 0.198602 0.791750 0.032578 0.033208
8 0.251984 0.722500 0.034813 0.029667
8 0.637469 0.850490 0.064062 0.114312
8 0.512328 0.826083 0.072156 0.020792
8 0.489125 0.784260 0.047844 0.038771
8 0.395109 0.810750 0.056969 0.054917
8 0.419156 0.769969 0.045000 0.045188
3 0.391367 0.914469 0.074859 0.171063
3 0.293773 0.926729 0.110141 0.146542
3 0.208781 0.878250 0.086719 0.143958
8 0.317000 0.764000 0.026281 0.009375
3 0.576695 0.877052 0.071391 0.135687
3 0.369969 0.829990 0.032313 0.064604
3 0.550047 0.820677 0.029375 0.048438
3 0.653117 0.856990 0.069234 0.119146
3 0.657469 0.795156 0.025531 0.034854
3 0.447508 0.874281 0.055797 0.121479
3 0.331734 0.815646 0.044625 0.063333
3 0.294594 0.778344 0.021031 0.046396
3 0.283625 0.822000 0.024281 0.050583
3 0.317969 0.781250 0.629687 0.245833
