8 0.772016 0.225271 0.269437 0.044458
8 0.908133 0.269844 0.183734 0.177771
3 0.149492 0.488740 0.109797 0.436937
3 0.790453 0.553937 0.155062 0.397750
3 0.766625 0.280708 0.100437 0.130750
3 0.868992 0.304156 0.114922 0.241021
3 0.709258 0.239802 0.066703 0.130062
8 0.733109 0.354854 0.127312 0.112167
3 0.057023 0.483344 0.114047 0.237063
3 0.300883 0.265198 0.048016 0.054021
3 0.743008 0.183312 0.019266 0.043625
3 0.980945 0.765958 0.038109 0.152750
3 0.991078 0.467281 0.017844 0.273479
8 0.861789 0.937333 0.276422 0.125333
8 0.075883 0.756823 0.151766 0.403688
