3 0.514040 0.796707 0.111600 0.109102
3 0.705620 0.820389 0.165560 0.251557
3 0.186000 0.854251 0.104000 0.290419
3 0.109000 0.748503 0.086000 0.200599
3 0.267000 0.511976 0.082000 0.128743
8 0.334640 0.390479 0.109840 0.090539
8 0.059000 0.905689 0.114000 0.188623
8 0.044720 0.578503 0.089440 0.196886
3 0.033900 0.664162 0.067160 0.172754
3 0.099040 0.582365 0.098000 0.174192
3 0.836200 0.534880 0.087520 0.189880
3 0.207660 0.473114 0.057640 0.095928
8 0.441700 0.306946 0.030840 0.043353
8 0.592840 0.320689 0.041920 0.037425
8 0.556100 0.592455 0.278440 0.314371
8 0.892100 0.410629 0.179560 0.161257
8 0.256740 0.354880 0.092840 0.057904
3 0.337940 0.549641 0.023560 0.113653
3 0.394520 0.728653 0.139840 0.198503
3 0.096260 0.478832 0.041800 0.050240
8 0.009660 0.446228 0.019160 0.061078
3 0.534000 0.601796 0.924000 0.520958
