3 0.748961 0.838917 0.293016 0.297333
3 0.060469 0.684458 0.120906 0.242458
3 0.408969 0.413167 0.032438 0.107333
3 0.432016 0.442781 0.023469 0.093896
3 0.977320 0.467031 0.045359 0.137187
3 0.282203 0.445167 0.040250 0.093000
8 0.324328 0.725219 0.648656 0.520271
3 0.951937 0.447708 0.060406 0.122125
3 0.578148 0.431615 0.044766 0.035229
3 0.079313 0.406104 0.062031 0.104458
3 0.703336 0.949792 0.072766 0.100417
3 0.281555 0.375802 0.031547 0.042854
3 0.098578 0.452010 0.042625 0.135687
3 0.322641 0.417875 0.044844 0.066333
