3 0.332867 0.575281 0.230891 0.229229
3 0.925281 0.748760 0.144937 0.348312
14 0.267805 0.785625 0.342766 0.375375
3 0.531977 0.370063 0.060359 0.027042
3 0.454094 0.313760 0.037750 0.025521
3 0.220773 0.317844 0.029109 0.047771
3 0.579508 0.297854 0.016859 0.023333
3 0.307117 0.349167 0.058609 0.017667
3 0.526633 0.319490 0.021891 0.026937
3 0.477094 0.363844 0.047406 0.021062
3 0.816844 0.276719 0.021063 0.029979
3 0.796844 0.310219 0.041719 0.027813
8 0.524172 0.313000 0.114312 0.039583
8 0.509648 0.286479 0.038484 0.015833
8 0.527023 0.361156 0.159641 0.049271
8 0.817406 0.358073 0.038875 0.009646
8 0.193047 0.288948 0.031688 0.011771
3 0.506211 0.319469 0.025672 0.018354
8 0.817430 0.337146 0.043422 0.033042
3 0.272703 0.335469 0.045781 0.032813
8 0.801555 0.388854 0.069797 0.048458
8 0.782602 0.340729 0.040328 0.036167
8 0.536117 0.329365 0.613422 0.075729
8 0.214438 0.382500 0.050969 0.058667
