8 0.417094 0.537224 0.586469 0.453929
8 0.032672 0.216859 0.065344 0.024918
3 0.640187 0.741565 0.289500 0.485388
3 0.758602 0.631588 0.171234 0.439082
3 0.814617 0.300600 0.028328 0.094988
3 0.237203 0.295647 0.079719 0.154165
3 0.044102 0.328376 0.088203 0.154635
3 0.547789 0.283459 0.075203 0.137788
3 0.162664 0.330294 0.073391 0.130094
3 0.144008 0.670788 0.189516 0.487647
8 0.584570 0.204294 0.061828 0.041529
3 0.081359 0.268671 0.096188 0.111271
3 0.470531 0.218271 0.026281 0.058800
3 0.417359 0.170588 0.041844 0.027059
3 0.683344 0.320306 0.043219 0.119718
8 0.391008 0.203047 0.078828 0.065576
8 0.209102 0.201271 0.057141 0.012847
8 0.629711 0.269576 0.018703 0.009224
8 0.748570 0.265882 0.017766 0.029176
3 0.382367 0.179200 0.021328 0.030871
8 0.658328 0.267600 0.040000 0.066494
3 0.369531 0.294118 0.617188 0.254118
