3 0.008180 0.301761 0.016359 0.025962
3 0.046547 0.300493 0.046375 0.025540
3 0.037352 0.383897 0.037484 0.050282
3 0.532344 0.305082 0.039469 0.023169
3 0.068453 0.102629 0.041906 0.019577
3 0.262883 0.071901 0.040141 0.018920
3 0.037477 0.335786 0.045453 0.028850
3 0.689867 0.528052 0.060141 0.084554
3 0.073195 0.427500 0.035797 0.026408
3 0.051008 0.527512 0.059859 0.085540
3 0.764180 0.270563 0.035922 0.029061
3 0.196516 0.406491 0.043656 0.016596
3 0.235398 0.429636 0.034109 0.024624
3 0.462500 0.221831 0.718750 0.443662
