3 0.415141 0.604865 0.090031 0.234271
3 0.361359 0.186156 0.075313 0.038854
3 0.408164 0.236021 0.085109 0.045000
3 0.323023 0.145646 0.081922 0.038917
3 0.251539 0.069677 0.071828 0.049729
3 0.165023 0.106927 0.075234 0.043937
3 0.226523 0.153938 0.065828 0.045833
3 0.453914 0.190729 0.087891 0.052208
3 0.376477 0.106583 0.081109 0.055500
3 0.545070 0.273396 0.085984 0.068792
3 0.496680 0.229604 0.083422 0.046625
3 0.456773 0.274969 0.082484 0.049813
3 0.581008 0.225875 0.073234 0.041167
3 0.475000 0.419792 0.950000 0.839583
