0 0.479790 0.898321 0.019060 0.032590
0 0.493990 0.853013 0.109900 0.068641
0 0.535270 0.913013 0.068780 0.060949
0 0.490930 0.930090 0.010180 0.036333
0 0.413430 0.810859 0.089980 0.066282
0 0.506350 0.926897 0.026340 0.047795
0 0.629610 0.856705 0.041900 0.032795
0 0.442970 0.895859 0.011260 0.060436
0 0.539350 0.834269 0.062660 0.044128
0 0.621960 0.859679 0.083760 0.143359
0 0.442440 0.892295 0.049400 0.046692
0 0.465730 0.905897 0.032300 0.049077
0 0.557650 0.873141 0.024700 0.026385
0 0.389000 0.738462 0.370000 0.353846
