3 0.633758 0.460287 0.073109 0.182419
3 0.702922 0.358728 0.042250 0.129576
3 0.335102 0.512357 0.112641 0.269651
3 0.453742 0.479613 0.103891 0.245561
3 0.601203 0.348828 0.072375 0.116808
3 0.208852 0.264202 0.030828 0.035786
8 0.832594 0.527357 0.334813 0.346534
8 0.525344 0.837082 0.949312 0.325835
8 0.739914 0.361209 0.040047 0.098978
8 0.323523 0.424663 0.249172 0.326584
8 0.559266 0.336397 0.033406 0.061621
8 0.657828 0.262182 0.043500 0.066858
3 0.030242 0.765611 0.059953 0.468778
8 0.240609 0.306646 0.073375 0.077581
3 0.673609 0.370985 0.039188 0.122519
3 0.367188 0.294065 0.026156 0.040898
3 0.676156 0.309364 0.051000 0.152494
3 0.988859 0.793915 0.022250 0.181995
