3 0.876250 0.938349 0.095656 0.120726
3 0.670797 0.944660 0.075625 0.109368
3 0.476430 0.779098 0.034266 0.033888
3 0.528687 0.798595 0.022219 0.041733
3 0.274734 0.833841 0.061187 0.159251
3 0.064289 0.862810 0.125734 0.274379
3 0.507273 0.819192 0.042453 0.054543
3 0.171375 0.875948 0.032281 0.248103
3 0.674141 0.810468 0.046062 0.038923
5 0.652570 0.679333 0.054172 0.142412
8 0.421836 0.903829 0.204828 0.085597
8 0.472570 0.797073 0.082203 0.022108
8 0.459625 0.835316 0.078531 0.029508
8 0.894937 0.917178 0.210125 0.062272
8 0.145922 0.830562 0.054562 0.030258
3 0.331781 0.932775 0.098812 0.134450
3 0.737070 0.913888 0.053516 0.172225
8 0.034367 0.907857 0.067328 0.071780
8 0.873992 0.902998 0.054234 0.020141
8 0.928609 0.836956 0.136469 0.134145
3 0.195633 0.866475 0.024797 0.139461
8 0.295539 0.802787 0.016547 0.031803
