13 0.969523 0.426138 0.059297 0.184859
8 0.521312 0.520939 0.137656 0.054883
8 0.219227 0.678063 0.251422 0.245282
3 0.304031 0.803251 0.098875 0.232700
3 0.498016 0.615117 0.061906 0.136573
3 0.656625 0.526244 0.036406 0.086948
3 0.304883 0.536913 0.038984 0.054484
3 0.269383 0.532876 0.033797 0.062512
3 0.144328 0.512207 0.046969 0.091455
3 0.066672 0.521561 0.057125 0.099366
3 0.088813 0.853627 0.132781 0.225376
3 0.020867 0.719906 0.041734 0.163662
3 0.369164 0.510599 0.018891 0.044484
3 0.385367 0.690505 0.070828 0.159085
8 0.132508 0.462746 0.118641 0.034413
8 0.650758 0.510282 0.110297 0.110798
8 0.295547 0.489918 0.113656 0.050681
8 0.621539 0.766232 0.375172 0.441573
8 0.073867 0.442923 0.126609 0.063404
8 0.209648 0.428263 0.086609 0.021221
8 0.498648 0.459566 0.041359 0.027770
8 0.301133 0.441045 0.038672 0.019883
8 0.464531 0.425012 0.032906 0.020728
3 0.671656 0.462453 0.021344 0.019413
3 0.510156 0.692488 0.976562 0.610329
