3 0.144477 0.192241 0.076672 0.053302
3 0.219766 0.197288 0.094500 0.071321
3 0.218781 0.123880 0.080187 0.053137
3 0.077000 0.126981 0.080844 0.047736
3 0.087773 0.060590 0.083422 0.067453
3 0.232375 0.061108 0.089125 0.058208
3 0.295648 0.077771 0.083016 0.081958
3 0.966758 0.416509 0.063859 0.032170
3 0.807398 0.415637 0.020328 0.035708
3 0.148672 0.126038 0.082312 0.064481
3 0.160164 0.063514 0.084016 0.064151
3 0.362469 0.080649 0.079063 0.087288
3 0.776414 0.416509 0.041016 0.032075
3 0.176563 0.183962 0.306250 0.174528
