3 0.831391 0.868107 0.172187 0.263785
8 0.480500 0.815981 0.549312 0.340093
8 0.083437 0.425549 0.113875 0.202220
1 0.626945 0.778481 0.082859 0.068411
1 0.394945 0.727360 0.082578 0.052383
1 0.674336 0.636752 0.041953 0.088224
3 0.096609 0.874428 0.193219 0.251145
3 0.256992 0.532909 0.176953 0.302126
3 0.496133 0.407886 0.089703 0.114322
3 0.768117 0.474054 0.044984 0.080210
3 0.589023 0.427033 0.051641 0.127150
8 0.125523 0.298773 0.061672 0.055631
3 0.069383 0.270713 0.022578 0.051986
3 0.291281 0.512068 0.123000 0.175164
3 0.433383 0.588306 0.147641 0.210397
8 0.482617 0.458785 0.201578 0.142523
8 0.811109 0.399918 0.157094 0.205350
1 0.418891 0.461554 0.029750 0.019650
