2 0.305312 0.494271 0.080063 0.061083
2 0.304000 0.286583 0.020656 0.008083
2 0.364516 0.437802 0.076469 0.037437
2 0.404898 0.516229 0.035328 0.061292
2 0.340758 0.467698 0.084016 0.045896
2 0.268180 0.423344 0.072734 0.048313
2 0.135039 0.425125 0.079516 0.040583
2 0.188695 0.434646 0.283078 0.137250
2 0.044586 0.413250 0.080891 0.047875
2 0.384359 0.420187 0.066719 0.043000
2 0.019813 0.374875 0.037750 0.043875
2 0.042844 0.357646 0.069719 0.038083
2 0.017414 0.433635 0.034828 0.044813
2 0.522656 0.463542 0.951562 0.227083
