3 0.276891 0.395491 0.062000 0.044112
3 0.234938 0.389568 0.057406 0.053575
3 0.148758 0.373143 0.029516 0.075537
3 0.201672 0.372091 0.016500 0.071752
8 0.444078 0.805619 0.485406 0.366285
8 0.528242 0.513481 0.290047 0.253925
8 0.154789 0.463680 0.198359 0.114603
8 0.342844 0.360654 0.124438 0.036075
8 0.036484 0.359486 0.066750 0.057290
3 0.034805 0.551086 0.069609 0.110117
3 0.117617 0.339112 0.041047 0.027850
3 0.398930 0.507243 0.055609 0.109860
3 0.420984 0.481776 0.042094 0.125047
3 0.954547 0.945993 0.090906 0.108014
3 0.046289 0.479042 0.065672 0.064720
3 0.062953 0.403446 0.068344 0.088014
8 0.083383 0.364942 0.152859 0.090911
8 0.035609 0.626495 0.067750 0.106495
8 0.610250 0.362360 0.112563 0.079860
13 0.952047 0.252745 0.095906 0.195864
3 0.102641 0.332792 0.017156 0.039276
