3 0.756422 0.335427 0.195938 0.096354
3 0.647156 0.293521 0.087594 0.051000
3 0.336539 0.285271 0.074672 0.059458
3 0.432258 0.489240 0.470953 0.363437
8 0.500000 0.820000 1.000000 0.360000
8 0.739414 0.401177 0.229422 0.068229
3 0.854492 0.313625 0.043828 0.065167
3 0.051398 0.260667 0.035391 0.035958
8 0.130055 0.451292 0.203922 0.183875
8 0.636453 0.330667 0.086531 0.025125
3 0.165852 0.317458 0.155641 0.122792
3 0.287367 0.309177 0.118703 0.102438
3 0.086609 0.463573 0.173219 0.385646
3 0.887844 0.488500 0.221156 0.359542
3 0.888437 0.337104 0.045000 0.028375
3 0.904680 0.296698 0.016891 0.062812
