3 0.767336 0.570672 0.266268 0.174750
3 0.719026 0.400578 0.245939 0.040938
3 0.920880 0.397719 0.158239 0.055813
3 0.814014 0.359164 0.270751 0.051984
3 0.624800 0.476680 0.184765 0.062641
3 0.706009 0.311852 0.177465 0.049547
3 0.636397 0.597758 0.205939 0.134828
3 0.837653 0.544367 0.202629 0.224578
3 0.901455 0.304000 0.197089 0.050719
3 0.187300 0.407094 0.120563 0.040531
3 0.579542 0.509602 0.084718 0.039641
3 0.550434 0.275930 0.148521 0.051547
3 0.174120 0.320211 0.090305 0.054266
3 0.498826 0.330469 0.997653 0.660937
