2 0.795281 0.836510 0.019156 0.026812
2 0.814242 0.841594 0.027109 0.031604
2 0.848477 0.806042 0.024516 0.038208
2 0.766977 0.809208 0.016391 0.022625
2 0.832930 0.802521 0.023766 0.034917
2 0.727422 0.819281 0.027781 0.030229
2 0.661117 0.791208 0.025484 0.036708
2 0.646281 0.800594 0.033406 0.036813
2 0.699320 0.811969 0.014078 0.028146
2 0.654883 0.609333 0.025234 0.015917
2 0.822805 0.814177 0.025766 0.042396
2 0.810414 0.473104 0.023109 0.017500
2 0.790039 0.478667 0.025078 0.012667
2 0.613281 0.609375 0.689063 0.514583
