3 0.505664 0.531687 0.179734 0.184875
8 0.816453 0.441521 0.224812 0.101000
8 0.848789 0.242500 0.120609 0.035625
14 0.426406 0.586510 0.246062 0.278646
15 0.450742 0.729437 0.031297 0.049792
3 0.637508 0.507792 0.161109 0.406833
3 0.789172 0.631719 0.209906 0.418563
3 0.812359 0.305563 0.098375 0.156042
3 0.843688 0.353115 0.121250 0.121604
3 0.954945 0.446000 0.089391 0.317000
3 0.888375 0.252021 0.079937 0.111875
3 0.108117 0.903896 0.216234 0.166250
3 0.573109 0.928135 0.437219 0.143729
8 0.457031 0.734375 0.371094 0.250000
8 0.982367 0.639990 0.035266 0.182021
