2 0.329550 0.744159 0.068940 0.092703
2 0.351600 0.644835 0.069960 0.081862
2 0.244700 0.738949 0.085320 0.089910
2 0.510350 0.903003 0.086820 0.103363
2 0.623600 0.900766 0.085600 0.103213
2 0.277190 0.802628 0.071340 0.085195
2 0.490470 0.675691 0.074020 0.087598
2 0.311510 0.599895 0.076340 0.067898
2 0.487090 0.604174 0.061620 0.070390
2 0.742370 0.795195 0.076220 0.093874
2 0.312220 0.946306 0.087480 0.107387
2 0.106550 0.688453 0.073060 0.075526
8 0.516370 0.849354 0.963540 0.270120
2 0.392220 0.691877 0.069400 0.083393
2 0.507000 0.731231 0.834000 0.531532
