3 0.300255 0.275477 0.065474 0.056109
3 0.369501 0.267977 0.054526 0.051891
3 0.331180 0.246867 0.034380 0.028453
3 0.488200 0.273734 0.057080 0.053500
3 0.139221 0.277320 0.039903 0.048641
3 0.944027 0.281211 0.049075 0.069672
3 0.426740 0.271125 0.060049 0.051906
3 0.557603 0.264961 0.053893 0.047172
3 0.212421 0.253898 0.035109 0.033703
3 0.048893 0.308063 0.034769 0.059937
3 0.080925 0.286656 0.085353 0.051187
3 0.386472 0.236430 0.015864 0.015672
8 0.937105 0.234797 0.061946 0.009844
8 0.932798 0.239266 0.052555 0.043938
3 0.186934 0.236867 0.021217 0.026484
3 0.663017 0.231250 0.547445 0.050000
