3 0.157961 0.211219 0.022672 0.024624
3 0.375414 0.200399 0.028828 0.068269
3 0.184758 0.209920 0.024203 0.021162
3 0.262617 0.217084 0.027297 0.026834
3 0.445766 0.043144 0.037500 0.047198
3 0.415820 0.233667 0.028828 0.026150
3 0.476219 0.245478 0.026219 0.034692
3 0.969187 0.282232 0.032750 0.035490
3 0.780172 0.299305 0.030875 0.035285
3 0.291094 0.218622 0.025750 0.022528
3 0.130914 0.212711 0.028797 0.029066
3 0.485781 0.068155 0.020875 0.012073
3 0.237016 0.215695 0.022875 0.023781
3 0.510156 0.373576 0.976562 0.747153
