3 0.532717 0.140763 0.084833 0.128125
3 0.140425 0.134737 0.032583 0.107175
3 0.040400 0.103337 0.080333 0.080625
3 0.748917 0.053275 0.055500 0.071000
3 0.800383 0.053700 0.056233 0.060600
3 0.850800 0.061638 0.053567 0.057975
3 0.904075 0.066900 0.057417 0.060450
3 0.957525 0.073887 0.055917 0.054875
5 0.695908 0.093250 0.091883 0.072100
5 0.749875 0.109937 0.026083 0.050875
5 0.791917 0.107538 0.085967 0.072825
5 0.959283 0.133162 0.081433 0.075725
5 0.908258 0.109787 0.030650 0.036125
5 0.870200 0.118825 0.087567 0.080850
5 0.640558 0.072913 0.019917 0.036225
5 0.537367 0.057475 0.020700 0.030350
5 0.458883 0.057312 0.047667 0.067375
5 0.378483 0.029988 0.015333 0.029425
3 0.940617 0.023838 0.052233 0.045425
3 0.888167 0.018400 0.048867 0.036350
5 0.626683 0.067125 0.016067 0.032950
