3 0.159078 0.567453 0.101781 0.111792
3 0.310602 0.526439 0.038953 0.040991
3 0.377492 0.555943 0.054297 0.099387
3 0.761016 0.565578 0.092906 0.106722
3 0.041430 0.497571 0.040547 0.093443
3 0.632102 0.563927 0.076953 0.107712
3 0.536523 0.563160 0.069453 0.106132
8 0.714305 0.572913 0.072922 0.081863
8 0.367398 0.493042 0.073922 0.028962
3 0.020148 0.569446 0.039953 0.137854
3 0.266508 0.480767 0.067797 0.049410
3 0.317922 0.497759 0.032219 0.079245
3 0.450258 0.558019 0.078859 0.100425
3 0.290008 0.543903 0.094328 0.111722
8 0.575266 0.577665 0.040813 0.070896
3 0.824500 0.557146 0.034875 0.075047
3 0.536719 0.509434 0.026562 0.009434
