5 0.125383 0.261063 0.103516 0.108000
5 0.189898 0.213773 0.061234 0.058141
5 0.856703 0.269156 0.062375 0.057750
5 0.473875 0.588906 0.022219 0.027031
8 0.592914 0.740688 0.381547 0.402688
8 0.293531 0.468359 0.235562 0.166938
8 0.644352 0.262789 0.080984 0.098328
3 0.619383 0.911758 0.140516 0.165078
3 0.942055 0.869148 0.115891 0.176422
3 0.394867 0.747977 0.097328 0.125422
3 0.343477 0.347023 0.065828 0.074859
3 0.413930 0.351578 0.078547 0.080781
3 0.335117 0.083562 0.030672 0.033187
3 0.541867 0.065719 0.031922 0.033781
3 0.626703 0.206289 0.044969 0.034297
3 0.660969 0.290609 0.071813 0.076938
3 0.710562 0.399734 0.083062 0.045844
3 0.430984 0.293047 0.058750 0.106281
3 0.670383 0.375898 0.048234 0.062484
5 0.678117 0.746625 0.026109 0.033531
5 0.330836 0.474633 0.012641 0.043359
5 0.593125 0.679477 0.016063 0.021641
5 0.317586 0.482430 0.008141 0.015016
8 0.753828 0.474086 0.130375 0.091609
8 0.616914 0.416094 0.188297 0.108688
8 0.384359 0.291297 0.127562 0.041031
8 0.510734 0.170836 0.066969 0.034578
8 0.370750 0.119891 0.450594 0.224187
8 0.543648 0.092766 0.132234 0.054438
3 0.519422 0.213758 0.062813 0.072578
3 0.487500 0.499219 0.815625 0.998437
