3 0.175555 0.588263 0.103766 0.226830
3 0.127039 0.557028 0.028203 0.161422
3 0.030641 0.583030 0.061281 0.214965
3 0.291625 0.573776 0.055313 0.119114
3 0.334195 0.562133 0.044672 0.087902
3 0.213461 0.580291 0.082078 0.187156
3 0.340344 0.539802 0.031438 0.044545
3 0.177164 0.575326 0.027547 0.181935
3 0.028727 0.476154 0.037234 0.044802
3 0.079625 0.575746 0.032438 0.122727
3 0.503562 0.653928 0.286031 0.258765
3 0.245320 0.565047 0.046172 0.129907
3 0.303750 0.516503 0.011750 0.013240
3 0.209375 0.580420 0.131250 0.191142
