5 0.946234 0.610937 0.107531 0.613208
5 0.029469 0.548665 0.058937 0.386792
13 0.132023 0.450293 0.092828 0.159836
4 0.311258 0.568009 0.141609 0.106136
3 0.777906 0.716593 0.129406 0.241382
3 0.910391 0.741101 0.136313 0.251616
3 0.778594 0.590867 0.047969 0.058642
3 0.904383 0.609766 0.045547 0.070445
3 0.072008 0.729052 0.107328 0.242037
3 0.683305 0.578689 0.043672 0.124637
4 0.182219 0.662365 0.198000 0.253770
8 0.719766 0.583958 0.092000 0.134801
3 0.383992 0.677904 0.080016 0.162693
3 0.660414 0.568829 0.020203 0.117658
5 0.801789 0.523571 0.007141 0.026253
5 0.225555 0.578794 0.023984 0.050141
3 0.411758 0.594110 0.068172 0.107424
8 0.846250 0.699848 0.148531 0.186253
8 0.271930 0.607248 0.118797 0.046909
