8 0.784547 0.829969 0.426406 0.316854
8 0.863922 0.236052 0.108875 0.125479
8 0.738531 0.289333 0.158656 0.152042
8 0.902367 0.172000 0.039984 0.021750
3 0.867305 0.606240 0.265391 0.257646
3 0.538773 0.190729 0.056141 0.111000
3 0.713766 0.453927 0.126406 0.220229
3 0.814516 0.245542 0.074938 0.141375
3 0.603633 0.170125 0.045016 0.093583
3 0.985758 0.330219 0.028453 0.068021
3 0.609437 0.208531 0.024281 0.042104
3 0.493672 0.200292 0.055406 0.092958
3 0.760437 0.306177 0.038125 0.098188
3 0.851625 0.147437 0.029281 0.025833
8 0.827531 0.417969 0.023594 0.049438
3 0.543898 0.143156 0.021484 0.032229
3 0.860508 0.219417 0.062359 0.125917
8 0.534273 0.350365 0.176422 0.212979
8 0.489258 0.147990 0.041078 0.015979
8 0.560844 0.161677 0.068031 0.075063
8 0.654547 0.134302 0.053187 0.030354
8 0.090367 0.370500 0.126234 0.110583
8 0.891516 0.141687 0.059500 0.033500
3 0.905719 0.151833 0.037312 0.024625
3 0.621094 0.151042 0.251563 0.118750
