2 0.507781 0.598016 0.102438 0.109789
2 0.455469 0.652958 0.112187 0.101127
2 0.562359 0.684155 0.117000 0.111033
2 0.405945 0.574249 0.095172 0.102535
2 0.507844 0.442758 0.062562 0.062840
2 0.681328 0.542336 0.078281 0.077864
2 0.643547 0.577570 0.103094 0.105188
2 0.603281 0.475763 0.047656 0.044249
2 0.276844 0.593509 0.102219 0.092934
2 0.541937 0.472324 0.067437 0.065822
2 0.388281 0.510646 0.082156 0.058756
2 0.609477 0.632289 0.117266 0.117676
2 0.586961 0.510164 0.078016 0.059437
2 0.506250 0.511737 0.450000 0.192488
