11 0.714108 0.693523 0.159202 0.122516
11 0.470305 0.613664 0.260047 0.149078
11 0.243016 0.370320 0.389648 0.580203
11 0.271854 0.435492 0.287559 0.161391
11 0.395094 0.339102 0.212207 0.121078
11 0.771185 0.308711 0.175469 0.094422
11 0.195810 0.765727 0.303826 0.235953
11 0.280211 0.681047 0.263333 0.197750
11 0.099601 0.884422 0.192441 0.200000
11 0.401667 0.565305 0.186854 0.146703
11 0.543556 0.318641 0.200869 0.240250
11 0.575575 0.678086 0.229085 0.129391
11 0.406890 0.796875 0.266033 0.257812
11 0.250000 0.345313 0.495305 0.643750
