5 0.691914 0.091358 0.252328 0.182717
5 0.159648 0.122412 0.073453 0.104215
5 0.106523 0.121311 0.049516 0.092272
5 0.061250 0.107518 0.050250 0.144356
5 0.461648 0.082108 0.105484 0.164215
0 0.488133 0.649005 0.025891 0.028548
0 0.590156 0.770468 0.095312 0.087119
0 0.618398 0.863501 0.041359 0.075012
0 0.476703 0.786089 0.089312 0.064637
0 0.459969 0.700211 0.063062 0.086932
0 0.318117 0.701417 0.035766 0.062412
0 0.379406 0.739426 0.075844 0.049157
0 0.389328 0.667588 0.070219 0.025012
0 0.576047 0.824485 0.055000 0.053372
0 0.478359 0.762178 0.391688 0.384637
8 0.500000 0.716850 1.000000 0.543817
5 0.023086 0.114941 0.045516 0.151850
