3 0.089594 0.839854 0.137187 0.315792
3 0.140414 0.505969 0.092484 0.285521
3 0.169578 0.383458 0.117250 0.192875
3 0.412695 0.322240 0.038953 0.100479
3 0.889469 0.636146 0.221062 0.237583
3 0.016875 0.585740 0.033594 0.217146
8 0.598133 0.753385 0.463234 0.375563
8 0.354180 0.394750 0.185547 0.071250
8 0.276938 0.306687 0.134250 0.045750
13 0.604688 0.022625 0.095188 0.042667
3 0.040055 0.386781 0.062578 0.200354
3 0.277047 0.348969 0.085625 0.095687
3 0.375602 0.467458 0.130016 0.129458
3 0.213031 0.300010 0.030312 0.077687
3 0.316594 0.349302 0.091188 0.052687
3 0.519687 0.459604 0.044219 0.249708
5 0.128039 0.235031 0.086703 0.193188
