3 0.782062 0.320781 0.021750 0.016479
3 0.678906 0.394885 0.031219 0.014854
3 0.887117 0.373417 0.030203 0.026583
3 0.868969 0.318615 0.018875 0.011604
3 0.680602 0.373542 0.029297 0.026250
3 0.614703 0.334906 0.011250 0.014813
3 0.347727 0.370781 0.013109 0.022896
3 0.308367 0.368521 0.020109 0.011500
3 0.236484 0.353646 0.018937 0.012958
3 0.555250 0.327000 0.010719 0.009625
3 0.525680 0.392437 0.021047 0.013917
3 0.425883 0.378385 0.023453 0.014229
3 0.257789 0.354177 0.021203 0.013771
3 0.471094 0.354167 0.939063 0.187500
