2 0.494320 0.751135 0.115203 0.220479
2 0.198039 0.319104 0.187078 0.301125
2 0.486234 0.271531 0.166844 0.278646
2 0.608578 0.254417 0.131156 0.250458
2 0.704492 0.251688 0.117984 0.220208
2 0.771102 0.265927 0.098453 0.237229
2 0.865109 0.259927 0.113469 0.194312
2 0.350836 0.287490 0.166203 0.292979
2 0.840555 0.636667 0.100953 0.170500
2 0.774953 0.650427 0.094063 0.165604
2 0.382828 0.768177 0.151656 0.194854
2 0.276289 0.817719 0.153734 0.197771
2 0.693937 0.663240 0.111594 0.206062
2 0.671875 0.581250 0.340625 0.462500
