3 0.506789 0.822360 0.378922 0.333333
3 0.148133 0.526639 0.109516 0.227622
3 0.883961 0.839522 0.232078 0.319569
3 0.545008 0.319476 0.142734 0.108202
3 0.939328 0.339841 0.121344 0.109794
3 0.734922 0.299906 0.112531 0.121311
3 0.816977 0.297884 0.087422 0.146180
14 0.519383 0.411657 0.140453 0.127884
14 0.975672 0.514953 0.048656 0.040581
3 0.472797 0.381826 0.117438 0.091030
3 0.069836 0.608951 0.138047 0.203933
8 0.705508 0.615037 0.588984 0.537004
3 0.968313 0.309260 0.063375 0.100468
3 0.785430 0.299054 0.099734 0.130805
3 0.609187 0.310627 0.096937 0.113539
13 0.514711 0.120777 0.275234 0.220768
3 0.662500 0.306180 0.084375 0.166667
