5 0.808125 0.344136 0.056000 0.181945
5 0.983461 0.342515 0.031828 0.173713
13 0.225391 0.296660 0.095937 0.093988
3 0.330102 0.803232 0.194984 0.277426
3 0.502844 0.692466 0.157344 0.219352
3 0.149906 0.706257 0.112125 0.259312
4 0.573828 0.505796 0.336938 0.247308
8 0.298477 0.759283 0.548297 0.451768
5 0.512398 0.316002 0.024016 0.092515
5 0.292148 0.655589 0.081516 0.076326
5 0.465953 0.581356 0.059250 0.051827
5 0.094656 0.475472 0.047969 0.040688
13 0.225617 0.436866 0.078547 0.113418
3 0.396273 0.545776 0.012953 0.023694
