3 0.421945 0.116304 0.113922 0.118439
3 0.305445 0.124271 0.115578 0.111870
3 0.520094 0.092839 0.072063 0.129520
3 0.685922 0.095223 0.092969 0.082590
3 0.688930 0.055961 0.109328 0.062590
3 0.433805 0.065129 0.112422 0.063877
3 0.317008 0.065111 0.117172 0.055266
3 0.200492 0.062024 0.114047 0.048919
3 0.450375 0.159057 0.105969 0.044734
3 0.189039 0.119623 0.106422 0.106003
3 0.207031 0.166235 0.097000 0.046741
3 0.330094 0.160369 0.110594 0.036346
3 0.729539 0.152864 0.061609 0.031218
3 0.516406 0.102916 0.960938 0.178388
