3 0.109648 0.756809 0.145766 0.342222
3 0.937813 0.795035 0.119094 0.358109
3 0.421070 0.768546 0.111391 0.346076
3 0.766656 0.789917 0.140469 0.357943
8 0.916969 0.639799 0.165375 0.077801
8 0.378141 0.679255 0.318156 0.137092
8 0.687195 0.469669 0.078234 0.019385
3 0.289531 0.765768 0.144406 0.353617
3 0.946625 0.605662 0.106750 0.078983
3 0.764469 0.591099 0.109187 0.066076
3 0.618523 0.711702 0.116484 0.272388
3 0.548953 0.640804 0.046281 0.259622
3 0.647969 0.468830 0.055844 0.079835
3 0.255859 0.559752 0.063469 0.064374
3 0.683445 0.444905 0.057391 0.042530
8 0.756828 0.782364 0.170156 0.310307
