2 0.520992 0.278021 0.118891 0.150125
2 0.736164 0.384167 0.109734 0.131833
2 0.848336 0.373688 0.117922 0.125000
2 0.821914 0.273417 0.104484 0.114750
2 0.722031 0.271260 0.101250 0.129812
2 0.618539 0.281333 0.104484 0.128083
2 0.519391 0.395958 0.126812 0.140042
2 0.640820 0.414271 0.116641 0.134000
2 0.803148 0.177865 0.100859 0.104396
2 0.704359 0.177573 0.100750 0.113896
2 0.414031 0.247052 0.107719 0.130521
2 0.174406 0.683281 0.120750 0.150729
2 0.623938 0.704719 0.201406 0.156938
2 0.480469 0.657292 0.889062 0.477083
