3 0.732617 0.666294 0.044141 0.133986
8 0.527641 0.665548 0.563125 0.644149
3 0.492297 0.384604 0.023281 0.060956
3 0.073227 0.369429 0.023078 0.078392
3 0.146570 0.328462 0.013391 0.064802
3 0.726836 0.573193 0.073922 0.128159
3 0.289664 0.289895 0.017703 0.029720
3 0.304883 0.300303 0.022797 0.038695
3 0.058766 0.459091 0.031156 0.155478
3 0.507883 0.473834 0.020828 0.089767
8 0.878711 0.524301 0.221766 0.170606
8 0.352406 0.270198 0.024938 0.029301
8 0.285320 0.303578 0.063766 0.070839
3 0.068641 0.699336 0.017094 0.103427
3 0.074383 0.874464 0.044203 0.251072
3 0.123883 0.463310 0.018016 0.061632
3 0.086719 0.286713 0.095312 0.135198
