2 0.345273 0.837049 0.085578 0.093817
2 0.369211 0.772635 0.078172 0.069391
2 0.385594 0.722447 0.074875 0.063583
2 0.431297 0.832635 0.082375 0.090422
2 0.527367 0.865012 0.067047 0.075082
2 0.334250 0.666475 0.069656 0.070187
2 0.256953 0.663466 0.071938 0.064778
2 0.240289 0.707564 0.074734 0.054660
2 0.262664 0.824859 0.078078 0.075621
2 0.184656 0.821335 0.078000 0.094614
2 0.594930 0.869227 0.066891 0.080890
2 0.299250 0.756768 0.074281 0.088478
2 0.317508 0.711370 0.068297 0.060539
2 0.500000 0.538642 0.996875 0.847775
