3 0.717133 0.376406 0.119672 0.078646
3 0.819945 0.367417 0.092703 0.065167
3 0.928195 0.365469 0.100453 0.066979
3 0.946195 0.281698 0.107609 0.100979
3 0.852352 0.279458 0.110078 0.088958
3 0.958984 0.180333 0.074156 0.098875
3 0.205469 0.198958 0.098437 0.093750
3 0.687922 0.445406 0.097312 0.026854
3 0.254031 0.294802 0.107531 0.098188
3 0.794312 0.190760 0.095344 0.099479
3 0.888312 0.184417 0.097406 0.098708
3 0.064984 0.294854 0.118094 0.103250
3 0.634555 0.099198 0.105953 0.091104
3 0.500000 0.276042 0.996875 0.547917
