2 0.547084 0.807305 0.117026 0.054203
2 0.587787 0.883844 0.137775 0.072063
2 0.393489 0.807594 0.108899 0.056719
2 0.445410 0.720195 0.109602 0.045766
2 0.337916 0.714445 0.101124 0.045609
2 0.290878 0.795297 0.120492 0.060781
2 0.300422 0.761539 0.109555 0.036047
2 0.474602 0.539812 0.051452 0.028406
2 0.411007 0.539562 0.080094 0.024875
2 0.563162 0.839766 0.130585 0.055500
2 0.584403 0.720711 0.095785 0.049266
2 0.425375 0.889609 0.134075 0.069437
2 0.441440 0.775969 0.112108 0.054125
2 0.374707 0.807031 0.421546 0.229687
