3 0.946991 0.252780 0.022870 0.011120
3 0.670540 0.243790 0.027747 0.012340
3 0.741559 0.222270 0.042685 0.012860
3 0.689614 0.210780 0.048426 0.018000
3 0.789877 0.222170 0.041111 0.013820
3 0.830525 0.231980 0.050123 0.021640
3 0.862006 0.193250 0.037778 0.018420
3 0.861574 0.174020 0.031358 0.017240
3 0.895772 0.174320 0.027778 0.019760
3 0.652454 0.237010 0.036759 0.017740
3 0.722284 0.202080 0.034938 0.012800
3 0.929383 0.175690 0.025864 0.017660
3 0.799028 0.203470 0.044537 0.018140
3 0.510802 0.351000 0.972222 0.698000
