3 0.829110 0.930840 0.097100 0.038440
3 0.870660 0.925770 0.040120 0.026740
3 0.878430 0.901080 0.065260 0.020560
3 0.821990 0.904400 0.069460 0.045440
3 0.891350 0.944510 0.125140 0.041540
3 0.943420 0.887730 0.067760 0.022300
3 0.809680 0.961510 0.078760 0.034500
3 0.898060 0.969030 0.181720 0.038740
3 0.901060 0.918450 0.066240 0.036340
3 0.873480 0.887360 0.046240 0.026240
3 0.771280 0.926930 0.037160 0.037780
3 0.767700 0.962100 0.030800 0.033800
3 0.962210 0.935450 0.048140 0.031020
3 0.561000 0.524000 0.874000 0.944000
