3 0.289422 0.749561 0.067531 0.140664
3 0.188961 0.741777 0.084484 0.115460
3 0.125852 0.952334 0.187359 0.095332
3 0.845031 0.926124 0.181594 0.125996
8 0.139063 0.914347 0.278125 0.171306
8 0.681961 0.731552 0.224047 0.139465
8 0.838609 0.901124 0.322781 0.175268
8 0.623734 0.627955 0.160469 0.026745
3 0.945937 0.802880 0.102375 0.030942
3 0.703937 0.744561 0.074000 0.136702
3 0.624117 0.737762 0.077078 0.141820
3 0.575578 0.617634 0.037719 0.013212
3 0.633297 0.610567 0.035594 0.023876
3 0.788477 0.807323 0.103828 0.030407
3 0.185430 0.818480 0.103266 0.037173
3 0.027633 0.824036 0.055266 0.033897
8 0.593875 0.644422 0.118719 0.103790
8 0.340578 0.601135 0.017688 0.011006
8 0.553523 0.627270 0.062047 0.073854
3 0.309844 0.665557 0.054844 0.021563
8 0.382328 0.587345 0.052406 0.018672
8 0.248117 0.740450 0.242547 0.139058
8 0.291797 0.691681 0.192062 0.116510
8 0.356023 0.648822 0.091703 0.083426
8 0.291492 0.692944 0.187734 0.108758
8 0.524680 0.607719 0.026078 0.063148
8 0.396938 0.608383 0.043406 0.061049
8 0.471094 0.566381 0.229687 0.044968
3 0.446875 0.600642 0.603125 0.199143
