3 0.179016 0.723979 0.347844 0.402708
3 0.581125 0.386917 0.184906 0.174333
3 0.254602 0.344312 0.172297 0.114875
3 0.065711 0.869427 0.128672 0.258813
3 0.889172 0.635885 0.221656 0.394354
3 0.749172 0.453000 0.250000 0.193125
3 0.091859 0.513927 0.176969 0.148312
8 0.578547 0.672302 0.842906 0.635146
2 0.462125 0.400406 0.031156 0.039188
2 0.440102 0.403917 0.028141 0.035458
2 0.441437 0.378406 0.026562 0.029313
2 0.564359 0.436625 0.029750 0.031125
2 0.417781 0.377302 0.027031 0.029521
2 0.423031 0.403656 0.027594 0.032813
2 0.406664 0.401365 0.026047 0.030521
2 0.379758 0.389219 0.025953 0.024521
2 0.386023 0.404677 0.024797 0.018312
2 0.476570 0.386948 0.022891 0.027563
2 0.395266 0.384281 0.017719 0.023646
2 0.637508 0.558938 0.022391 0.023958
2 0.631375 0.544385 0.020563 0.028479
3 0.899180 0.982979 0.201641 0.034042
