3 0.212470 0.157093 0.024820 0.055627
3 0.267640 0.129947 0.045640 0.057493
3 0.263950 0.153560 0.028860 0.043813
3 0.472550 0.125227 0.013500 0.025333
3 0.495030 0.131067 0.018540 0.022453
3 0.426840 0.134640 0.020960 0.031467
3 0.450780 0.131747 0.017720 0.035227
3 0.300340 0.141827 0.018920 0.035493
3 0.305120 0.149427 0.018320 0.038480
8 0.420230 0.127280 0.044580 0.008480
8 0.450780 0.124147 0.015720 0.004507
8 0.262410 0.122227 0.026540 0.009733
8 0.243450 0.139973 0.042340 0.010933
8 0.307240 0.116773 0.023280 0.005493
8 0.500820 0.117867 0.027720 0.007040
8 0.545710 0.118920 0.021220 0.003973
3 0.371540 0.123093 0.015440 0.021280
3 0.239850 0.153707 0.017460 0.038453
3 0.255680 0.118827 0.013600 0.005920
8 0.283350 0.114667 0.047420 0.017387
8 0.383430 0.124267 0.167340 0.025867
8 0.279510 0.107640 0.012980 0.012187
3 0.381000 0.129333 0.314000 0.077333
