2 0.649188 0.675282 0.099719 0.109770
2 0.863250 0.671378 0.104250 0.115324
2 0.948805 0.669468 0.089734 0.116054
2 0.927492 0.591399 0.096547 0.079123
2 0.761758 0.668883 0.098828 0.116388
2 0.820094 0.551086 0.078938 0.102422
2 0.816883 0.494040 0.079516 0.074259
2 0.816000 0.467359 0.070594 0.046075
2 0.815344 0.433914 0.076063 0.069040
2 0.311016 0.553351 0.214531 0.233967
2 0.628344 0.507933 0.084125 0.067516
2 0.100727 0.602296 0.092172 0.091942
3 0.667258 0.061900 0.189547 0.123800
8 0.500000 0.547672 1.000000 0.904656
3 0.885406 0.078685 0.076438 0.154029
2 0.835578 0.571159 0.075813 0.057140
2 0.486719 0.488518 0.970313 0.488518
