3 0.666586 0.081491 0.098078 0.052277
3 0.463813 0.074930 0.095094 0.052864
3 0.373094 0.121948 0.106781 0.054413
3 0.724102 0.244437 0.110078 0.043944
3 0.577063 0.129742 0.101781 0.054460
3 0.288836 0.178756 0.108641 0.062160
3 0.793500 0.182430 0.079719 0.062981
3 0.855039 0.412230 0.101078 0.289577
3 0.828242 0.249178 0.114578 0.081362
3 0.785570 0.144894 0.102328 0.089085
3 0.548672 0.027300 0.099531 0.046714
3 0.482359 0.124143 0.085625 0.059366
3 0.704555 0.184883 0.109141 0.056103
3 0.499219 0.257042 0.998437 0.514085
