3 0.194430 0.300000 0.026078 0.028333
3 0.327570 0.278250 0.030828 0.030292
3 0.390789 0.266344 0.033078 0.027521
3 0.454781 0.242656 0.025812 0.028146
3 0.445992 0.188229 0.026766 0.026250
3 0.464742 0.161740 0.033422 0.029313
3 0.519867 0.161906 0.023859 0.025062
3 0.105047 0.218948 0.028719 0.023062
3 0.265594 0.144573 0.022187 0.019604
3 0.264523 0.261198 0.037797 0.035104
3 0.385086 0.235844 0.022891 0.024729
3 0.298297 0.226521 0.033906 0.032583
3 0.236531 0.241563 0.035656 0.045250
3 0.500000 0.167708 0.996875 0.331250
