5 0.777219 0.404506 0.033219 0.037294
3 0.499656 0.395353 0.029437 0.074612
3 0.910281 0.429765 0.042156 0.045176
3 0.949898 0.473565 0.051078 0.079459
3 0.191844 0.190176 0.018031 0.049812
5 0.589727 0.367741 0.033203 0.025835
5 0.574195 0.358918 0.021078 0.031718
5 0.802328 0.414412 0.033125 0.019553
5 0.464383 0.343071 0.027703 0.023741
3 0.666508 0.456118 0.022953 0.037741
3 0.769203 0.144800 0.016781 0.025459
3 0.776000 0.221494 0.019875 0.025671
3 0.728984 0.119247 0.019062 0.023341
3 0.757117 0.220847 0.017609 0.027153
3 0.898727 0.099612 0.015109 0.022753
3 0.920305 0.123976 0.016047 0.019200
3 0.884688 0.196247 0.022156 0.024824
