3 0.525664 0.792056 0.239297 0.298178
3 0.445117 0.769439 0.142578 0.269720
3 0.504055 0.668224 0.175578 0.164766
3 0.601586 0.695047 0.213984 0.222944
3 0.684680 0.673201 0.167141 0.221402
3 0.590148 0.617664 0.122141 0.166495
3 0.689891 0.561168 0.115875 0.105234
3 0.660813 0.508715 0.061437 0.072757
3 0.628273 0.446822 0.017078 0.014907
3 0.599500 0.598481 0.068125 0.118598
3 0.638188 0.593610 0.159719 0.146379
3 0.705000 0.522512 0.084500 0.114463
3 0.692922 0.485829 0.082375 0.069463
3 0.642188 0.580607 0.256250 0.422897
